1,6032,4,956718127,1
1,6022,5,956755763,5
1,6021,3,956757147,3
1,6016,4,956778750,3
1,6015,5,956778765,4
1,6011,5,956786106,4
1,6025,5,956812867,5
1,5989,5,956874124,5
1,6000,3,956879000,4
1,5982,4,956935890,4
1,5980,3,956943357,3
1,5972,4,956954891,3
1,5964,5,956997005,4
1,6006,2,957032777,3
1,5959,3,957044765,3
1,5955,4,957109919,3
1,5953,4,957142861,3
1,5943,4,957201728,3
1,5935,4,957217894,3
1,5931,4,957226924,3
1,5930,5,957232566,3
1,5938,5,957274212,4
1,5925,3,957286024,3
1,5971,4,957288718,3
1,5921,4,957304263,3
1,5920,4,957311565,3
1,5915,4,957333539,3
1,5905,4,957375692,3
1,5995,5,957388111,4
1,5896,2,957458673,3
1,6010,5,957463288,3
1,5903,5,957463952,4
1,5890,5,957471537,4
1,5888,5,957480017,4
1,5887,4,957484883,4
1,5886,4,957486193,4
1,5889,4,957536204,4
1,5881,4,957548112,4
1,5880,4,957549395,4
1,5871,4,957567468,4
1,5869,3,957573572,4
1,5868,3,957574474,3
1,5954,5,957651803,4
1,5864,4,957662956,4
1,5862,5,957672645,4
1,5858,5,957714977,4
1,6040,3,957717358,4
1,5857,3,957722335,4
1,5848,3,957782383,3
1,5847,4,957791027,3
1,5845,4,957797990,3
1,5843,3,957807384,3
1,5841,5,957823673,3
1,5840,5,957829126,3
1,5839,5,957837181,4
1,5838,3,957840080,3
1,5833,5,957879787,4
1,5829,4,957894072,4
1,5827,4,957894429,4
1,5831,5,957896484,4
1,5823,5,957901481,4
1,5824,4,957969740,4
1,5809,5,957981564,4
1,5808,4,957983201,4
1,5807,4,957985007,4
1,5801,5,958011065,4
1,5825,5,958015238,4
1,5790,5,958090975,4
1,5788,5,958108508,4
1,5795,5,958145999,4
1,5782,3,958152579,4
1,5780,3,958153467,4
1,5779,3,958156694,4
1,5777,3,958160282,4
1,5776,4,958171687,4
1,5762,5,958223224,4
1,5760,5,958250285,4
1,5769,3,958254716,4
1,5908,5,958255559,4
1,5757,3,958259702,4
1,5754,5,958270974,4
1,5753,4,958272180,4
1,5854,3,958272635,4
1,5752,4,958276121,4
1,5751,5,958309516,4
1,5748,5,958346999,4
1,5746,4,958354402,4
1,5747,5,958355978,4
1,5742,5,958397244,4
1,5957,3,958404475,4
1,5740,5,958406177,4
1,5738,5,958414730,4
1,5730,3,958441802,4
1,5728,4,958468308,4
1,5721,5,958503382,4
1,5716,4,958510802,4
1,5706,5,958529864,4
1,5705,5,958544574,4
1,5720,3,958577527,4
1,5702,4,958579035,4
1,5701,5,958588502,4
1,5700,4,958588609,4
1,5698,5,958590540,4
1,5688,4,958602778,4
1,5686,4,958604509,4
1,5684,5,958609116,4
1,5689,3,958610599,4
1,5699,4,958617270,4
1,5678,5,958628271,4
1,5676,5,958676113,4
1,5674,5,958680236,4
1,5667,4,958755686,4
1,5664,4,958765062,4
1,5663,3,958769545,4
1,5661,5,958780306,4
1,5659,4,958789889,4
1,5657,4,958828080,4
1,5763,5,958837008,4
1,5654,4,958846696,4
1,5651,5,958847534,4
1,5650,4,958864156,4
1,5649,5,958865906,4
1,5717,4,958865981,4
1,5644,4,958881146,4
1,5643,5,958889060,4
1,5641,4,958926532,4
1,5662,4,958933731,4
1,5636,3,958967064,4
1,5635,4,959003127,4
1,5634,5,959009539,4
1,5637,4,959013872,4
1,5629,4,959023859,4
1,5627,4,959047414,4
1,5621,2,959097720,4
1,6013,5,959116383,4
1,5618,5,959121418,4
1,5615,5,959132461,4
1,5614,4,959132882,4
1,5631,4,959135027,4
1,5610,5,959181348,4
1,5598,4,959214130,4
1,5596,4,959218864,4
1,5593,5,959225935,4
1,5645,5,959231165,4
1,5583,4,959280229,4
1,5587,5,959282691,4
1,5578,4,959289359,4
1,5575,4,959291679,4
1,5570,5,959309052,4
1,5563,2,959365387,4
1,5560,5,959375609,4
1,5558,3,959390869,4
1,5557,5,959440917,4
1,5556,2,959443373,4
1,5555,4,959458651,4
1,5600,5,959462163,4
1,5550,3,959472784,4
1,5545,4,959491684,4
1,5543,4,959510637,4
1,5605,3,959551339,4
1,5759,4,959557841,4
1,5535,3,959581709,4
1,5530,3,959623744,4
1,5525,4,959636806,4
1,5524,5,959639915,4
1,5523,5,959645523,4
1,5521,5,959649206,4
1,5519,4,959652103,4
1,5512,5,959712524,4
1,5607,4,959715382,4
1,5505,5,959732151,4
1,5504,5,959736558,4
1,5511,5,959787510,4
1,5500,3,959797985,4
1,5501,4,959798152,4
1,5996,5,959798556,4
1,5497,5,959805659,4
1,5496,4,959809659,4
1,5493,4,959813225,4
1,5490,4,959816295,4
1,5602,5,959816805,4
1,5488,2,959817691,4
1,5485,3,959834275,4
1,5482,4,959865777,4
1,5479,4,959868253,4
1,5478,3,959874277,4
1,5474,4,959881377,4
1,5483,5,959888269,4
1,5463,5,959900645,4
1,5461,5,959903433,4
1,5456,3,959913523,4
1,5457,4,959913526,4
1,5455,2,959915773,4
1,5453,5,959927971,4
1,5452,5,959933200,4
1,5448,4,959965342,4
1,5446,5,959971354,4
1,5441,4,959989172,4
1,5431,5,960069702,4
1,5428,4,960082882,4
1,5522,4,960089502,4
1,5427,5,960089597,4
1,5420,4,960157694,4
1,5418,5,960183958,4
1,5416,5,960224809,4
1,5415,3,960233378,4
1,5412,5,960241759,4
1,5404,5,960255380,4
1,5402,4,960258565,4
1,5406,5,960304768,4
1,5396,5,960312368,4
1,5387,5,960328775,4
1,5386,4,960328869,4
1,5390,4,960330835,4
1,5384,4,960332121,4
1,5403,2,960398451,4
1,5376,3,960409338,4
1,5375,5,960414589,4
1,5366,3,960500723,4
1,5367,5,960501161,4
1,5365,4,960501860,4
1,5361,3,960519728,4
1,5364,4,960523042,4
1,5359,5,960547997,4
1,5355,2,960597298,4
1,5350,4,960662884,4
1,5347,4,960667177,4
1,5345,5,960672305,4
1,5342,4,960684263,4
1,5339,4,960713210,4
1,5861,5,960792623,4
1,5331,4,960831827,4
1,5326,2,960845847,4
1,5325,3,960846554,4
1,5323,4,960848145,4
1,5324,5,960857089,4
1,5321,5,960863250,4
1,5320,3,960863335,4
1,5319,4,960865611,4
1,5317,4,960908658,4
1,5312,5,960923595,4
1,5381,4,960928637,4
1,5306,5,960939077,4
1,5305,4,960939471,4
1,5302,4,960955729,4
1,5301,5,960975612,4
1,5293,4,961055424,4
1,5289,5,961082809,4
1,5286,4,961091673,4
1,5282,5,961095758,4
1,5273,5,961109877,4
1,5985,4,961118020,4
1,5271,4,961141370,4
1,5270,5,961164537,4
1,5283,4,961166079,4
1,5268,5,961168407,4
1,5264,5,961181197,4
1,5265,4,961220455,4
1,5256,5,961271920,4
1,5253,4,961293824,4
1,5243,1,961390737,4
1,5394,4,961438194,4
1,5239,4,961444005,4
1,5232,5,961459069,4
1,5231,5,961460177,4
1,5230,3,961462664,4
1,5222,4,961530923,4
1,5220,4,961541170,4
1,5206,4,961629983,4
1,5205,4,961640362,4
1,5200,4,961650028,4
1,5208,5,961657379,4
1,5225,3,961684160,4
1,5196,4,961693490,4
1,5190,4,961704456,4
1,5188,5,961721324,4
1,5184,3,961734837,4
1,5183,5,961769860,4
1,5180,5,961806079,4
1,5176,3,961861723,4
1,5173,4,961863575,4
1,5168,5,961892162,4
1,5167,4,961898557,4
1,5164,4,961902845,4
1,5163,5,961902851,4
1,5165,5,961904529,4
1,5161,1,961908187,4
1,5158,4,961939869,4
1,5150,4,961990184,4
1,5178,5,961996101,4
1,5138,4,962060003,4
1,5136,4,962088211,4
1,5135,4,962088896,4
1,5131,4,962130833,4
1,5126,4,962154615,4
1,5121,4,962238505,4
1,5120,3,962257776,4
1,5118,3,962297633,4
1,5114,5,962312786,4
1,5106,5,962334773,4
1,5107,3,962335244,4
1,5108,4,962337883,4
1,5099,5,962367359,4
1,5093,3,962385058,4
1,5100,5,962386812,4
1,5090,5,962390522,4
1,5086,4,962395999,4
1,5087,5,962397211,4
1,5084,3,962399881,4
1,5074,4,962428734,4
1,5083,2,962464589,4
1,5070,4,962468268,4
1,5065,5,962476039,4
1,5061,5,962482463,4
1,5054,5,962486893,4
1,5047,4,962496299,4
1,5049,4,962499179,4
1,5046,5,962500233,4
1,5042,4,962505778,4
1,5038,5,962521374,4
1,5037,5,962547743,4
1,5035,5,962555395,4
1,5032,4,962560806,4
1,5077,4,962566391,4
1,5026,4,962578468,4
1,5011,4,962584889,4
1,5009,3,962586112,4
1,5005,4,962590212,4
1,4999,5,962591848,4
1,4998,3,962592170,4
1,4995,4,962592818,4
1,5015,5,962593048,4
1,4989,5,962593444,4
1,4973,5,962606043,4
1,4979,5,962606062,4
1,4971,4,962606551,4
1,4975,3,962607484,4
1,4972,5,962607723,4
1,4967,3,962610711,4
1,4964,4,962615515,4
1,4963,4,962624564,4
1,4961,3,962633792,4
1,4958,4,962636367,4
1,4954,4,962638088,4
1,4953,4,962639325,4
1,4950,4,962640147,4
1,4946,4,962642234,4
1,4945,4,962642235,4
1,4942,5,962643583,4
1,4951,4,962644821,4
1,4937,4,962646314,4
1,4934,4,962648295,4
1,4948,3,962649825,4
1,4932,5,962650570,4
1,4927,5,962661629,4
1,4925,5,962663249,4
1,4928,4,962669229,4
1,4922,5,962669335,4
1,4916,2,962675555,4
1,4915,5,962676444,4
1,4914,3,962677541,4
1,4918,3,962678920,4
1,4909,5,962680099,4
1,4905,1,962681831,4
1,4904,5,962684718,4
1,4902,3,962685262,4
1,4908,5,962685668,4
1,4899,4,962703484,4
1,4898,4,962712142,4
1,4897,5,962715169,4
1,4926,4,962719959,4
1,4889,5,962736646,4
1,4887,4,962738871,4
1,4890,3,962740000,4
1,4884,3,962743974,4
1,4906,5,962744959,4
1,4957,4,962759439,4
1,4877,5,962766128,4
1,4876,5,962766387,4
1,4921,5,962780132,4
1,4939,4,962790388,4
1,4864,4,962819921,4
1,4865,5,962820215,4
1,5143,4,962831573,4
1,4847,5,962834462,4
1,5749,5,962843576,4
1,4990,3,962847795,4
1,4855,5,962847874,4
1,4867,4,962850398,4
1,4841,4,962852607,4
1,4840,4,962857461,4
1,4837,4,962893062,4
1,4835,5,962896171,4
1,4831,5,962902432,4
1,4830,4,962906179,4
1,4824,4,962916151,4
1,4823,3,962918961,4
1,4819,4,962921368,4
1,4818,4,962923726,4
1,4813,5,962930223,4
1,4808,5,962935093,4
1,4796,4,962986094,4
1,4814,4,962991528,4
1,4794,5,962996175,4
1,4797,5,962996970,4
1,4788,4,962998447,4
1,5911,3,962999498,4
1,4785,5,963001617,4
1,4786,5,963008035,4
1,4779,4,963018360,4
1,4776,5,963028857,4
1,4799,3,963098389,4
1,4754,5,963184713,4
1,4750,5,963191116,4
1,4759,2,963196620,4
1,4746,4,963245092,4
1,4745,4,963249922,4
1,4784,5,963250136,4
1,4748,5,963275629,4
1,4731,3,963337552,4
1,4729,4,963350989,4
1,4725,5,963375128,4
1,4732,4,963407045,4
1,5397,1,963416113,4
1,4718,5,963429354,4
1,5401,4,963434384,4
1,4715,5,963445885,4
1,4711,4,963491004,4
1,4708,4,963517435,4
1,4704,4,963533593,4
1,4705,4,963534698,4
1,4701,5,963545455,4
1,4695,2,963597447,4
1,4687,5,963623211,4
1,4736,3,963630538,4
1,4681,1,963681962,4
1,4858,4,963746718,4
1,4673,4,963762065,4
1,4671,5,963794641,4
1,4669,3,963802631,4
1,4666,5,963843949,4
1,4659,5,963876378,4
1,4739,5,963877568,4
1,4656,4,963895109,4
1,4655,5,963900459,4
1,4650,4,963963107,4
1,4647,1,963965074,4
1,4658,5,963966666,4
1,4643,4,963998178,4
1,4638,4,964020448,4
1,4637,3,964026538,4
1,4635,4,964034339,4
1,4633,3,964036615,4
1,4631,3,964040271,4
1,4626,2,964117136,4
1,5978,5,964183661,4
1,4606,3,964200622,4
1,4599,4,964211621,4
1,4601,4,964212136,4
1,4598,5,964216873,4
1,4596,4,964223392,4
1,4591,5,964304729,4
1,4607,5,964307412,4
1,4589,5,964312482,4
1,4588,5,964315595,4
1,4585,4,964323561,4
1,5137,5,964337708,4
1,4581,4,964379232,4
1,4861,5,964405772,4
1,4578,4,964448649,4
1,4572,5,964462212,4
1,4571,5,964468158,4
1,4562,4,964495456,4
1,4561,5,964497430,4
1,4553,5,964554681,4
1,5277,4,964555701,4
1,4556,4,964628215,4
1,4595,5,964653457,4
1,4546,4,964656523,4
1,4543,5,964672149,4
1,4541,4,964673565,4
1,4540,4,964674385,4
1,4538,2,964707961,4
1,4536,3,964718371,4
1,4535,4,964719374,4
1,5276,4,964730241,4
1,4533,2,964731786,4
1,4530,4,964741606,4
1,4524,5,964812445,4
1,4560,3,964813020,4
1,5571,3,964816797,4
1,4522,4,964826416,4
1,4518,5,964844256,4
1,4517,4,964862489,4
1,5140,4,964874825,4
1,4512,5,964979370,4
1,4510,5,964979459,4
1,4506,5,964981763,4
1,4507,4,964982703,4
1,4513,4,964984377,4
1,4489,5,965011269,4
1,4482,5,965018387,4
1,4509,5,965018485,4
1,4480,4,965025342,4
1,4523,4,965059261,4
1,4641,5,965059846,4
1,4473,4,965063468,4
1,4470,5,965066846,4
1,4456,5,965077903,4
1,4451,3,965087135,4
1,4452,5,965087529,4
1,4448,4,965087920,4
1,4449,5,965088294,4
1,4444,5,965089115,4
1,4446,4,965091874,4
1,4443,1,965095720,4
1,4458,4,965096620,4
1,4502,4,965097256,4
1,4438,4,965097646,4
1,4436,5,965097783,4
1,4437,4,965100438,4
1,4427,5,965103513,4
1,4430,4,965104379,4
1,4425,4,965107371,4
1,4409,5,965152931,4
1,4408,5,965155144,4
1,4531,3,965155368,4
1,4407,4,965155382,4
1,4399,4,965159532,4
1,4395,3,965159784,4
1,4390,4,965164304,4
1,4389,5,965164577,4
1,4386,5,965168404,4
1,4384,4,965172161,4
1,4379,4,965175536,4
1,4375,4,965178174,4
1,4387,4,965178501,4
1,4363,5,965184019,4
1,4361,5,965186682,4
1,4360,3,965187347,4
1,4356,3,965190848,4
1,4352,5,965192626,4
1,4347,4,965217856,4
1,4343,4,965224445,4
1,4346,3,965228653,4
1,4342,4,965230756,4
1,4344,5,965234317,4
1,4337,3,965237137,4
1,4335,5,965238493,4
1,4329,5,965243218,4
1,4316,4,965255163,4
1,4315,5,965257790,4
1,4312,5,965258532,4
1,4305,4,965264727,4
1,4300,3,965267242,4
1,4303,3,965268877,4
1,4299,4,965269536,4
1,4294,4,965274439,4
1,4290,5,965275359,4
1,4286,4,965278384,4
1,4285,4,965279505,4
1,5875,5,965286616,4
1,4275,3,965299387,4
1,4269,5,965302206,4
1,4271,5,965302857,4
1,4265,4,965303835,4
1,4261,5,965305427,4
1,4253,4,965308181,4
1,4251,3,965308286,4
1,4231,5,965311057,4
1,4237,4,965311490,4
1,4234,4,965311661,4
1,4242,4,965312337,4
1,4229,4,965312408,4
1,4233,3,965312721,4
1,4226,5,965313311,4
1,4225,4,965314363,4
1,4224,5,965314487,4
1,4217,4,965316896,4
1,4220,5,965317530,4
1,4206,5,965320968,4
1,4204,5,965322656,4
1,4197,5,965323914,4
1,4215,4,965323951,4
1,4416,4,965325163,4
1,4190,2,965325954,4
1,4194,4,965326884,4
1,4186,3,965328072,4
1,4183,3,965330111,4
1,4179,4,965331158,4
1,4177,5,965331613,4
1,4165,5,965334744,4
1,4167,4,965336888,4
1,4159,5,965336912,4
1,4318,5,965339633,4
1,4153,5,965340868,4
1,4152,3,965341348,4
1,4150,2,965341459,4
1,4149,5,965342252,4
1,4238,3,965343139,4
1,4144,4,965346664,4
1,4137,5,965348107,4
1,4141,5,965349386,4
1,4140,4,965350340,4
1,4133,5,965350794,4
1,4118,5,965361438,4
1,4114,3,965364325,4
1,4112,5,965366809,4
1,4115,4,965369252,4
1,4106,5,965409119,4
1,4104,5,965409796,4
1,4099,4,965416249,4
1,4096,5,965418875,4
1,4093,4,965420706,4
1,4092,5,965420852,4
1,4090,4,965427337,4
1,4089,5,965428947,4
1,4088,4,965430531,4
1,4086,5,965433049,4
1,4085,4,965437842,4
1,4081,5,965440789,4
1,4082,4,965442009,4
1,4079,4,965442917,4
1,4124,3,965443631,4
1,4077,4,965445695,4
1,4592,3,965448162,4
1,4064,5,965479132,4
1,4062,4,965480951,4
1,4060,4,965489170,4
1,4059,3,965489877,4
1,4058,3,965489985,4
1,4055,3,965491680,4
1,4048,5,965500143,4
1,4043,4,965502640,4
1,4041,5,965503201,4
1,4037,3,965506843,4
1,4036,5,965507389,4
1,4191,3,965511305,4
1,4033,5,965512302,4
1,4765,3,965513500,4
1,4023,3,965519457,4
1,4682,5,965521591,4
1,4022,4,965521847,4
1,4021,5,965523244,4
1,4005,5,965559464,4
1,4001,4,965571751,4
1,3999,5,965574537,4
1,3997,5,965579916,4
1,3996,5,965583934,4
1,3994,3,965587095,4
1,3993,2,965588103,4
1,3992,4,965592430,4
1,4016,5,965618971,4
1,3977,4,965644579,4
1,3976,5,965652653,4
1,3974,5,965655249,4
1,3975,5,965663964,4
1,4007,4,965673279,4
1,3958,5,965675164,4
1,3951,4,965677791,4
1,3953,4,965678954,4
1,3963,3,965681770,4
1,3948,4,965682239,4
1,3946,5,965683119,4
1,3943,5,965690979,4
1,3945,4,965695012,4
1,3940,5,965696790,4
1,4122,4,965699772,4
1,3933,5,965701265,4
1,4414,4,965702986,4
1,3930,5,965705343,4
1,3934,4,965705637,4
1,3929,4,965710527,4
1,3921,4,965718659,4
1,4309,4,965722754,4
1,3913,5,965748346,4
1,3912,5,965754321,4
1,3907,5,965758574,4
1,3916,4,965759692,4
1,3904,5,965764843,4
1,4422,5,965788559,4
1,3892,5,965796031,4
1,3890,4,965798694,4
1,3887,4,965806399,4
1,3886,5,965808782,4
1,3885,3,965811652,4
1,3881,3,965826639,4
1,3872,4,965843768,4
1,3871,5,965844013,4
1,4213,4,965846278,4
1,3864,5,965854886,4
1,3868,4,965855312,4
1,3862,5,965855859,4
1,3971,4,965859789,4
1,3935,5,965860867,4
1,3853,5,965873880,4
1,3900,5,965875114,4
1,3848,5,965879765,4
1,3850,4,965880424,4
1,3845,5,965886012,4
1,3843,1,965909176,4
1,3842,4,965911924,4
1,3859,3,965926127,4
1,5707,5,965926481,4
1,3834,5,965928844,4
1,3822,2,965943538,4
1,3819,4,965948691,4
1,3815,4,965952037,4
1,3816,3,965952318,4
1,3823,3,965953200,4
1,3813,5,965954859,4
1,3808,5,965964822,4
1,3804,5,965969770,4
1,3841,2,965996269,4
1,4258,5,966004554,4
1,3799,5,966006217,4
1,3796,4,966014340,4
1,3884,3,966020326,4
1,3784,5,966022806,4
1,4310,4,966026457,4
1,3780,5,966033105,4
1,3777,5,966035096,4
1,3778,4,966036733,4
1,3790,4,966039262,4
1,3775,5,966039701,4
1,3774,3,966041319,4
1,3773,4,966043606,4
1,3770,5,966049075,4
1,3769,5,966057521,4
1,3768,5,966064396,4
1,3766,4,966080969,4
1,3760,5,966093322,4
1,3763,4,966093627,4
1,3759,5,966094413,4
1,3758,3,966095325,4
1,3757,3,966096451,4
1,3755,5,966099039,4
1,3756,5,966103065,4
1,3753,3,966120364,4
1,3752,5,966120933,4
1,3751,5,966128204,4
1,3750,3,966128801,4
1,3749,5,966133515,4
1,3746,3,966137651,4
1,4388,4,966141334,4
1,3743,4,966150607,4
1,3741,4,966159930,4
1,3737,4,966188151,4
1,3735,4,966191607,4
1,4028,1,966198358,4
1,3738,5,966209247,4
1,3726,5,966218125,4
1,3724,5,966220691,4
1,4094,5,966223211,4
1,3721,4,966226250,4
1,3720,4,966251354,4
1,3717,5,966263949,4
1,3716,4,966265821,4
1,3715,5,966266368,4
1,4345,4,966266889,4
1,3713,5,966270379,4
1,3711,5,966271470,4
1,3712,4,966272368,4
1,3710,4,966273722,4
1,3709,5,966275789,4
1,5081,5,966281396,4
1,3705,5,966287951,4
1,3702,4,966290206,4
1,3701,5,966291286,4
1,3696,5,966302466,4
1,3695,4,966303814,4
1,3690,3,966308462,4
1,3689,4,966311142,4
1,3687,5,966318721,4
1,3686,5,966346371,4
1,3683,4,966352670,4
1,3693,3,966355480,4
1,3681,5,966355506,4
1,3675,5,966362337,4
1,3676,5,966363845,4
1,3706,5,966376448,4
1,3669,4,966378706,4
1,3942,1,966381072,4
1,3667,2,966385079,4
1,5210,4,966385502,4
1,3661,4,966432529,4
1,3679,4,966447126,4
1,3652,5,966460512,4
1,3645,3,966468522,4
1,3639,3,966488539,4
1,3622,2,966570162,4
1,3621,2,966577522,4
1,3626,4,966594018,4
1,3617,1,966601615,4
1,3615,3,966602586,4
1,3614,3,966605283,4
1,3691,5,966610338,4
1,3608,5,966612354,4
1,3611,4,966613281,4
1,3609,5,966614873,4
1,4050,5,966620549,4
1,3624,5,966622905,4
1,3600,5,966626234,4
1,3597,5,966629219,4
1,3789,5,966630878,4
1,3596,5,966631370,4
1,3594,5,966634231,4
1,3593,5,966634998,4
1,3592,5,966643231,4
1,3590,5,966653087,4
1,3589,4,966657476,4
1,3579,4,966709467,4
1,3576,5,966718959,4
1,3572,5,966735240,4
1,3573,3,966735326,4
1,3567,4,966751889,4
1,3559,4,966796159,4
1,3558,4,966803469,4
1,3557,5,966805077,4
1,3540,4,966882736,4
1,3601,5,966882903,4
1,3538,5,966883915,4
1,3536,4,966886089,4
1,5343,5,966890616,4
1,3526,5,966903972,4
1,3527,5,966904109,4
1,3521,5,966920461,4
1,3539,4,966928538,4
1,3685,3,966950499,4
1,3513,5,966973908,4
1,3511,4,966978803,4
1,3502,4,966992534,4
1,3501,5,966996544,4
1,3499,5,966996868,4
1,3507,4,966997339,4
1,3498,3,966998528,4
1,3550,3,966999783,4
1,3510,4,967046625,4
1,3490,3,967048386,4
1,3561,3,967059461,4
1,3486,5,967059691,4
1,3515,5,967060931,4
1,3484,4,967063403,4
1,3491,4,967066460,4
1,3483,4,967070958,4
1,3479,3,967089268,4
1,3618,2,967120822,4
1,3792,4,967123169,4
1,3476,4,967128653,4
1,3883,3,967134250,4
1,3470,5,967149657,4
1,3512,3,967152723,4
1,3469,4,967156751,4
1,3465,5,967170089,4
1,3462,4,967175994,4
1,3458,5,967223031,4
1,3453,4,967240699,4
1,3450,3,967243707,4
1,3464,4,967246806,4
1,3447,4,967261679,4
1,3445,4,967279891,4
1,3442,3,967306792,4
1,3437,5,967326085,4
1,3434,3,967336253,4
1,3430,3,967341835,4
1,3423,4,967364570,4
1,3438,5,967389397,4
1,3418,4,967397590,4
1,3416,4,967401237,4
1,3729,5,967407996,4
1,3410,4,967416599,4
1,3433,5,967419171,4
1,3407,2,967422022,4
1,3408,4,967423142,4
1,3403,3,967427541,4
1,3402,3,967433216,4
1,3401,5,967436367,4
1,3509,4,967479759,4
1,3398,4,967480534,4
1,3399,5,967480573,4
1,3414,5,967489652,4
1,3394,5,967491364,4
1,3533,3,967502996,4
1,3389,4,967511960,4
1,3415,5,967517979,4
1,3387,4,967525661,4
1,3967,4,967551059,4
1,3391,4,967569710,4
1,3382,4,967571087,4
1,3370,4,967608294,4
1,3365,4,967663335,4
1,3371,5,967665744,4
1,3363,3,967670887,4
1,3362,4,967672386,4
1,3380,4,967673541,4
1,3356,5,967699881,4
1,3349,3,967749316,4
1,3411,3,967757354,4
1,3346,5,967774440,4
1,3345,4,967775712,4
1,3344,5,967777141,4
1,3378,5,967821689,4
1,3336,3,967854883,4
1,3329,4,967865557,4
1,3327,4,967871901,4
1,5458,4,967881554,4
1,3315,4,967941504,4
1,4367,4,967945853,4
1,3314,4,967946666,4
1,3313,4,967955025,4
1,3312,4,967955675,4
1,3311,3,967958138,4
1,3309,4,967966819,4
1,3308,5,967977259,4
1,3306,5,968001326,4
1,3292,4,968100869,4
1,3285,5,968116068,4
1,3353,5,968127537,4
1,3280,2,968168236,4
1,3281,4,968169707,4
1,3518,4,968171180,4
1,3276,4,968184306,4
1,3454,5,968188903,4
1,3270,4,968197826,4
1,3269,5,968199143,4
1,3272,5,968203850,4
1,3277,5,968208695,4
1,3569,3,968211958,4
1,3301,2,968215498,4
1,3297,3,968223209,4
1,3261,5,968252500,4
1,3260,5,968256093,4
1,3265,4,968260490,4
1,3267,4,968263833,4
1,3259,4,968271757,4
1,3254,5,968281594,4
1,3262,4,968294802,4
1,3249,3,968296758,4
1,3240,4,968350235,4
1,3236,3,968358821,4
1,3237,4,968359642,4
1,3232,4,968385224,4
1,3230,5,968390653,4
1,3226,4,968436164,4
1,3216,4,968460615,4
1,3219,4,968474051,4
1,3213,5,968518147,4
1,3320,4,968523982,4
1,3840,5,968549132,4
1,3208,4,968552833,4
1,3207,3,968555453,4
1,3206,3,968559994,4
1,3205,5,968563309,4
1,3519,4,968601796,4
1,3199,3,968631836,4
1,3195,3,968641752,4
1,3190,3,968650558,4
1,3227,4,968682427,4
1,3185,5,968700656,4
1,3412,4,968725413,4
1,3182,2,968779770,4
1,3217,4,968784242,4
1,3177,5,968786114,4
1,3180,3,968788868,4
1,3174,5,968789743,4
1,3170,4,968806330,4
1,3167,5,968818279,4
1,3163,5,968867718,4
1,3161,5,968870625,4
1,3160,4,968877395,4
1,3158,4,968883838,4
1,3157,4,968884950,4
1,3155,4,968897524,4
1,3154,5,968904326,4
1,3151,5,968920178,4
1,3147,5,968964771,4
1,3146,3,968964836,4
1,3145,4,968975888,4
1,3138,5,969050515,4
1,5193,5,969062190,4
1,3253,4,969237060,4
1,3130,4,969249945,4
1,3118,4,969404264,4
1,3113,4,969466395,4
1,3110,3,969486642,4
1,3108,3,969498856,4
1,3101,4,969577531,4
1,3098,3,969596305,4
1,3503,4,969651609,4
1,3095,5,969652850,4
1,3090,4,969660551,4
1,3087,5,969738110,4
1,4579,5,969750910,4
1,3081,5,969801904,4
1,3077,5,969831439,4
1,3189,3,969862370,4
1,3075,4,969898542,4
1,3073,4,969931899,4
1,3067,4,969995872,4
1,3066,3,969998951,4
1,3065,4,970001943,4
1,3056,4,970125637,4
1,3857,5,970150562,4
1,3051,4,970179852,4
1,3048,4,970183549,4
1,3036,3,970268071,4
1,3033,4,970290222,4
1,3032,5,970345591,4
1,5949,3,970348455,4
1,4790,4,970349515,4
1,3031,4,970355174,4
1,3028,4,970440865,4
1,3026,2,970461364,4
1,3025,5,970461469,4
1,5620,4,970502261,4
1,3018,5,970506329,4
1,3017,3,970507231,4
1,3012,3,970510754,4
1,3007,5,970541258,4
1,3006,5,970542648,4
1,3057,3,970592981,4
1,3004,4,970605035,4
1,3002,5,970614190,4
1,3054,4,970615592,4
1,3001,4,970616579,4
1,2999,5,970620881,4
1,2995,4,970696738,4
1,2994,4,970706107,4
1,3650,4,970773934,4
1,2989,5,970774804,4
1,2987,4,970795538,4
1,2985,4,970883360,4
1,3196,4,970939946,4
1,2972,5,971063896,4
1,2970,4,971098108,4
1,2968,5,971107728,4
1,2966,5,971121087,4
1,3599,4,971124294,4
1,2967,3,971128767,4
1,2955,4,971204594,4
1,2951,4,971216031,4
1,2950,4,971221061,4
1,2941,5,971351417,4
1,2939,5,971412396,4
1,2938,5,971450755,4
1,2933,3,971487005,4
1,2934,4,971493741,4
1,2931,5,971505491,4
1,2928,4,971553420,4
1,2926,3,971572888,4
1,2924,5,971592588,4
1,2913,4,971768987,4
1,2979,5,971805798,4
1,2907,3,971818809,4
1,2905,4,971839737,4
1,2903,4,971854335,4
1,2902,5,971859551,4
1,2909,5,971881913,4
1,2900,3,971904246,4
1,2895,5,971986382,4
1,2889,3,972055240,4
1,2896,4,972056089,4
1,2888,2,972057552,4
1,4116,4,972099743,4
1,4260,4,972110302,4
1,2887,5,972153242,4
1,2885,5,972185562,4
1,2878,4,972360106,4
1,2874,4,972413190,4
1,2996,5,972416116,4
1,2872,4,972417073,4
1,2863,3,972502052,4
1,2862,5,972503773,4
1,2853,5,972506722,4
1,2849,4,972509670,4
1,2848,5,972514103,4
1,2839,4,972570043,4
1,2840,4,972571461,4
1,2837,4,972572701,4
1,2823,2,972624201,4
1,2831,5,972667504,4
1,2818,3,972667915,4
1,2817,5,972675234,4
1,2812,3,972700218,4
1,2810,4,972770236,4
1,2809,5,972778019,4
1,2807,3,972779019,4
1,2873,5,972784317,4
1,2806,2,972785865,4
1,2915,4,972864860,4
1,2799,5,972866939,4
1,4126,5,972873564,4
1,2796,3,972882514,4
1,3041,3,972931817,4
1,2792,3,972931993,4
1,2788,5,972958585,4
1,2787,5,972966682,4
1,2782,3,973018930,4
1,2779,4,973023149,4
1,2771,4,973096796,4
1,2768,4,973117172,4
1,2765,4,973128611,4
1,2764,4,973135273,4
1,2761,4,973149628,4
1,2754,5,973195648,4
1,2753,5,973198034,4
1,2750,4,973199225,4
1,2748,5,973208239,4
1,2747,4,973211035,4
1,2744,1,973215902,4
1,2742,4,973220465,4
1,2737,4,973227541,4
1,2731,4,973241574,4
1,2730,4,973262564,4
1,2752,4,973269483,4
1,2724,5,973272622,4
1,2723,5,973276469,4
1,2718,5,973286187,4
1,2936,4,973293727,4
1,2698,4,973306920,4
1,2699,5,973306935,4
1,2692,5,973317937,4
1,2691,5,973327424,4
1,2689,5,973348047,4
1,5322,4,973370358,4
1,2682,4,973387741,4
1,2680,2,973389400,4
1,2681,5,973391236,4
1,2679,4,973391873,4
1,2676,4,973403444,4
1,2666,5,973449160,4
1,2664,5,973456672,4
1,2661,5,973461679,4
1,2660,4,973463425,4
1,2658,4,973484256,4
1,2652,5,973535127,4
1,2648,5,973539922,4
1,2645,4,973561432,4
1,2641,5,973569541,4
1,2639,5,973571212,4
1,2638,5,973573532,4
1,2636,4,973578474,4
1,2634,5,973612086,4
1,2624,5,973635439,4
1,2766,5,973650158,4
1,2619,5,973657038,4
1,2617,3,973687141,4
1,2604,3,973773712,4
1,2611,5,973795679,4
1,2599,4,973796689,4
1,2595,4,973810591,4
1,2593,5,973824821,4
1,2591,4,973829599,4
1,2585,3,973876328,4
1,2581,5,973888511,4
1,2579,4,973891550,4
1,2576,4,973897366,4
1,2627,4,973900722,4
1,3665,5,973902905,4
1,2572,4,973907992,4
1,2567,4,973959629,4
1,2566,4,973966755,4
1,2564,3,973969929,4
1,2565,4,973974847,4
1,2562,5,973982456,4
1,2778,4,973988515,4
1,2559,4,973991140,4
1,2555,3,973997288,4
1,2541,4,974045878,4
1,2544,4,974049672,4
1,2537,4,974050555,4
1,2533,5,974054519,4
1,2529,5,974055115,4
1,2516,5,974070503,4
1,2510,5,974073729,4
1,2507,4,974076765,4
1,2501,4,974085111,4
1,2489,3,974140175,4
1,2484,5,974146106,4
1,2468,3,974160442,4
1,2462,5,974168982,4
1,2459,4,974174101,4
1,2858,4,974175364,4
1,2458,3,974176741,4
1,2456,3,974178288,4
1,2454,4,974180804,4
1,2457,4,974181153,4
1,2448,5,974216879,4
1,2435,4,974225244,4
1,2427,4,974227979,4
1,2418,3,974242794,4
1,2414,5,974245390,4
1,2403,5,974260837,4
1,2386,5,974309291,4
1,2383,4,974324272,4
1,2379,4,974330927,4
1,2374,5,974336798,4
1,2371,4,974338724,4
1,2367,4,974342204,4
1,2398,4,974385474,4
1,2378,5,974386560,4
1,2355,3,974399428,4
1,2350,4,974407609,4
1,2344,4,974414809,4
1,2337,4,974423064,4
1,2496,3,974434199,4
1,2323,3,974444867,4
1,2321,5,974475264,4
1,2485,4,974482893,4
1,2310,5,974487882,4
1,2305,4,974493303,4
1,2300,4,974498526,4
1,2304,4,974500728,4
1,2290,4,974518024,4
1,2288,3,974524927,4
1,2444,4,974578486,4
1,2262,4,974584344,4
1,2263,4,974585225,4
1,2260,3,974585653,4
1,2257,2,974590060,4
1,2411,3,974590451,4
1,2259,5,974590484,4
1,2255,5,974590488,4
1,2236,4,974596223,4
1,2244,4,974596762,4
1,2242,4,974596992,4
1,2233,5,974597004,4
1,2229,4,974597765,4
1,2224,5,974598792,4
1,2225,4,974598944,4
1,2223,5,974599693,4
1,2221,2,974602476,4
1,2214,5,974603200,4
1,2206,4,974603962,4
1,2211,4,974604586,4
1,2202,3,974605471,4
1,2198,3,974606567,4
1,2185,4,974607482,4
1,2177,4,974610598,4
1,2180,5,974611210,4
1,2178,4,974611863,4
1,2173,5,974612013,4
1,2171,3,974612149,4
1,2181,5,974612588,4
1,2166,3,974613045,4
1,2188,3,974614203,4
1,2164,5,974614561,4
1,2165,4,974614905,4
1,2162,5,974616280,4
1,2154,4,974619767,4
1,2153,5,974620685,4
1,2147,5,974621794,4
1,2148,5,974623041,4
1,2156,3,974628844,4
1,2145,5,974630373,4
1,2142,5,974633413,4
1,2135,5,974641815,4
1,2136,4,974642040,4
1,2534,1,974643004,4
1,2134,3,974644584,4
1,2125,4,974646559,4
1,2116,5,974648349,4
1,2115,4,974649151,4
1,2112,4,974649500,4
1,2110,3,974651529,4
1,2226,2,974651863,4
1,2108,5,974651980,4
1,2105,4,974652236,4
1,2096,5,974653590,4
1,2098,5,974653738,4
1,2102,3,974653909,4
1,2083,5,974654727,4
1,2085,5,974654762,4
1,2478,3,974655521,4
1,2109,3,974657257,4
1,2078,3,974657741,4
1,2071,4,974658422,4
1,2073,5,974659080,4
1,2068,5,974659358,4
1,2065,4,974659524,4
1,2063,5,974659766,4
1,2060,5,974661569,4
1,2054,5,974661924,4
1,2046,4,974665848,4
1,2042,4,974668133,4
1,2029,5,974670331,4
1,2100,4,974670545,4
1,2023,5,974672430,4
1,2020,5,974673432,4
1,2022,4,974674055,4
1,2035,5,974674426,4
1,2027,5,974675094,4
1,2012,4,974675414,4
1,2015,1,974675906,4
1,2011,4,974676716,4
1,2016,5,974676999,4
1,2010,3,974677746,4
1,2000,4,974677859,4
1,2003,4,974677961,4
1,2002,4,974678287,4
1,1999,5,974679124,4
1,1993,4,974681718,4
1,1991,4,974681894,4
1,1992,3,974682228,4
1,2084,4,974682415,4
1,1995,5,974682581,4
1,1988,4,974683131,4
1,1975,5,974684798,4
1,1987,4,974685360,4
1,1974,3,974686291,4
1,1972,4,974686834,4
1,1976,5,974687276,4
1,1968,4,974687565,4
1,1956,5,974688137,4
1,1969,5,974688873,4
1,1962,5,974689093,4
1,1940,4,974689134,4
1,1938,5,974690492,4
1,1928,5,974690837,4
1,1903,4,974691209,4
1,1922,5,974691518,4
1,1918,4,974691782,4
1,2424,4,974691782,4
1,1914,5,974692040,4
1,1890,4,974692209,4
1,1913,3,974692249,4
1,1926,5,974692579,4
1,1885,5,974692700,4
1,1943,4,974693067,4
1,1916,3,974693216,4
1,1881,3,974693261,4
1,1901,5,974693348,4
1,1954,4,974693384,4
1,1949,5,974693461,4
1,1865,4,974694424,4
1,1871,4,974694569,4
1,1997,4,974695224,4
1,1924,3,974695371,4
1,1867,3,974695508,4
1,1857,4,974695625,4
1,1884,4,974695793,4
1,1879,5,974696127,4
1,1861,3,974696200,4
1,1930,4,974696655,4
1,1869,3,974696712,4
1,1870,3,974697002,4
1,1820,5,974697225,4
1,1850,5,974697306,4
1,1951,5,974697387,4
1,1880,5,974697621,4
1,1823,5,974698050,4
1,1826,5,974698210,4
1,1858,5,974698828,4
1,1950,5,974699595,4
1,1841,5,974699757,4
1,1803,4,974700432,4
1,1773,4,974700571,4
1,1791,3,974701160,4
1,1790,3,974702041,4
1,1759,3,974702165,4
1,1765,5,974702513,4
1,1767,5,974702769,4
1,1793,5,974702830,4
1,1755,4,974703574,4
1,1735,2,974704143,4
1,1778,5,974704389,4
1,1728,3,974704488,4
1,1757,4,974705346,4
1,1724,4,974705408,4
1,1764,4,974705975,4
1,1709,3,974706423,4
1,1714,5,974707190,4
1,1721,3,974707750,4
1,1697,5,974707797,4
1,1688,4,974708338,4
1,1694,3,974708641,4
1,1695,5,974708688,4
1,1684,5,974708736,4
1,1706,4,974708744,4
1,1716,5,974708750,4
1,1705,3,974708992,4
1,1776,2,974709363,4
1,1674,4,974709494,4
1,1672,4,974709664,4
1,1687,5,974709686,4
1,1669,4,974709732,4
1,1666,4,974710590,4
1,1664,5,974710684,4
1,1655,3,974711162,4
1,1676,5,974711214,4
1,1657,5,974711303,4
1,1680,4,974712079,4
1,1671,5,974712214,4
1,1678,5,974712222,4
1,1647,5,974712255,4
1,1727,5,974712735,4
1,1650,4,974715454,4
1,1634,5,974715469,4
1,1635,5,974715567,4
1,1658,4,974717290,4
1,1632,3,974717865,4
1,1628,5,974719615,4
1,1618,4,974728268,4
1,1834,5,974730227,4
1,1825,4,974731481,4
1,1613,5,974732008,4
1,1599,5,974732601,4
1,1616,4,974732629,4
1,1592,3,974734433,4
1,2030,4,974734434,4
1,1588,5,974734893,4
1,1805,5,974734933,4
1,1586,5,974735672,4
1,1584,4,974736768,4
1,1806,5,974736924,4
1,1574,4,974737855,4
1,2097,3,974737906,4
1,1873,3,974737933,4
1,1568,5,974738659,4
1,1807,3,974739143,4
1,1565,4,974739467,4
1,2665,5,974739890,4
1,1609,4,974740193,4
1,1587,3,974740324,4
1,1996,5,974741052,4
1,1800,4,974741904,4
1,1552,4,974742562,4
1,1546,5,974742694,4
1,1555,5,974743354,4
1,1538,4,974743512,4
1,1543,3,974743544,4
1,1542,4,974744381,4
1,1545,3,974744628,4
1,1530,4,974745152,4
1,1525,4,974746073,4
1,1517,4,974746748,4
1,1556,5,974748367,4
1,1507,5,974748440,4
1,1581,3,974749128,4
1,1493,4,974749429,4
1,1502,4,974750290,4
1,1496,4,974751200,4
1,1780,3,974751378,4
1,1484,4,974752347,4
1,1516,5,974752485,4
1,1476,5,974752727,4
1,1466,4,974754727,4
1,1481,5,974754794,4
1,1593,4,974755105,4
1,1483,2,974755257,4
1,1458,5,974755740,4
1,1904,5,974756216,4
1,1464,4,974756654,4
1,1457,4,974756911,4
1,1818,4,974758517,4
1,1433,3,974758579,4
1,1489,2,974759943,4
1,1421,5,974759962,4
1,1415,4,974760451,4
1,1434,2,974760465,4
1,3821,4,974760788,4
1,1495,3,974761071,4
1,1426,4,974762461,4
1,1407,5,974762495,4
1,2047,4,974762546,4
1,1404,3,974764848,4
1,1387,3,974765459,4
1,1400,5,974766732,4
1,1381,3,974767191,4
1,1383,4,974767975,4
1,1450,4,974768260,4
1,1367,5,974768615,4
1,2092,3,974769071,4
1,1389,5,974769291,4
1,1391,5,974769934,4
1,3475,4,974770250,4
1,1359,5,974770398,4
1,1361,4,974770866,4
1,1356,1,974771212,4
1,1353,4,974771592,4
1,1980,4,974771889,4
1,1882,4,974772412,4
1,1348,3,974772540,4
1,1347,4,974772569,4
1,1345,5,974773383,4
1,1639,4,974773415,4
1,1344,4,974773645,4
1,1350,5,974774288,4
1,1899,5,974775743,4
1,1332,5,974776044,4
1,1325,5,974777191,4
1,1322,5,974777429,4
1,1920,3,974777733,4
1,1312,3,974780222,4
1,1340,5,974781635,4
1,1317,4,974781960,4
1,1314,1,974785296,4
1,1306,5,974785390,4
1,1758,4,974785749,4
1,1299,4,974786464,4
1,1296,3,974787465,4
1,1303,4,974787847,4
1,1301,4,974788542,4
1,1291,3,974789662,4
1,1285,5,974791445,4
1,1297,4,974791523,4
1,1283,5,974794375,4
1,1280,5,974794978,4
1,1276,4,974798665,4
1,1274,5,974812923,4
1,1273,3,974814927,4
1,1271,5,974815150,4
1,1272,5,974815831,4
1,1263,4,974819816,4
1,1335,4,974819837,4
1,1264,4,974820256,4
1,1836,5,974824786,4
1,1253,4,974824961,4
1,1532,5,974824965,4
1,1248,2,974830161,4
1,1239,5,974832817,4
1,1866,4,974834563,4
1,1230,4,974835891,4
1,1911,4,974836602,4
1,1228,4,974837515,4
1,1231,4,974837561,4
1,1223,5,974838507,4
1,1284,3,974839384,4
1,1749,2,974840447,4
1,1221,5,974840887,4
1,1215,4,974842274,4
1,1427,5,974842882,4
1,1413,5,974844935,4
1,1207,4,974845574,4
1,1196,4,974847907,4
1,1908,4,974848348,4
1,1746,3,974848692,4
1,1298,5,974848694,4
1,1499,4,974849483,4
1,1220,3,974852190,4
1,1193,3,974853178,4
1,1183,5,974853261,4
1,1182,3,974853433,4
1,1941,5,974854532,4
1,1184,4,974855085,4
1,1279,2,974856657,4
1,1202,5,974856993,4
1,1177,4,974857322,4
1,1958,5,974858656,4
1,1167,2,974863438,4
1,1158,3,974864374,4
1,1155,5,974866974,4
1,1179,4,974867084,4
1,1151,4,974869872,4
1,1145,5,974873913,4
1,1294,5,974874249,4
1,1142,4,974877362,4
1,1883,3,974877513,4
1,1140,4,974877859,4
1,1835,5,974881318,4
1,1132,5,974888204,4
1,1224,5,974908460,4
1,1124,5,974909280,4
1,1125,5,974910990,4
1,1120,4,974912041,4
1,1116,4,974913902,4
1,1107,5,974919979,4
1,1101,4,974923024,4
1,1100,2,974923663,4
1,3058,3,974926300,4
1,1260,3,974926966,4
1,1203,5,974927279,4
1,1097,4,974927812,4
1,1096,4,974928303,4
1,1579,4,974929397,4
1,1094,4,974929632,4
1,1501,4,974930226,4
1,1086,4,974933809,4
1,1087,5,974935394,4
1,1076,5,974938627,4
1,1074,4,974940870,4
1,1491,5,974941422,4
1,1072,5,974941593,4
1,1198,3,974944939,4
1,1336,5,974946406,4
1,1084,3,974946785,4
1,1063,4,974947400,4
1,1380,4,974947737,4
1,1181,3,974948836,4
1,1112,5,974949958,4
1,1061,5,974950066,4
1,1057,5,974952896,4
1,1055,5,974953210,4
1,1056,4,974953275,4
1,1059,5,974953956,4
1,1051,5,974959121,4
1,1673,5,974961188,4
1,1050,4,974963037,4
1,1045,4,974965960,4
1,1036,5,974991657,4
1,1032,5,974997699,4
1,1395,3,975005436,4
1,1021,5,975008082,4
1,1017,4,975009586,4
1,1068,3,975015029,4
1,1014,3,975015612,4
1,1015,5,975017987,4
1,1853,5,975018883,4
1,1008,4,975030379,4
1,2120,3,975035902,4
1,1000,5,975041651,4
1,1004,5,975045804,4
1,1062,4,975050353,4
1,996,4,975052910,4
1,1246,4,975070921,4
1,984,4,975097755,4
1,985,4,975098627,4
1,983,4,975100822,4
1,1054,5,975101862,4
1,977,3,975106685,4
1,967,4,975116058,4
1,2583,5,975118769,4
1,963,4,975119749,4
1,956,4,975131154,4
1,2106,3,975131178,4
1,955,4,975133999,4
1,954,4,975134874,4
1,1917,5,975134881,4
1,951,5,975137937,4
1,946,5,975155333,4
1,948,3,975161991,4
1,938,5,975173033,4
1,940,4,975174566,4
1,935,3,975180985,4
1,934,5,975183970,4
1,936,4,975185622,4
1,933,5,975185671,4
1,931,4,975189541,4
1,929,5,975191572,4
1,1150,2,975196744,4
1,925,4,975197649,4
1,926,5,975200372,4
1,924,4,975200860,4
1,997,4,975205507,4
1,1594,3,975211713,4
1,899,4,975218175,4
1,896,4,975220319,4
1,1010,2,975220910,4
1,895,3,975221333,4
1,949,5,975224711,4
1,894,5,975226944,4
1,891,5,975234143,4
1,1675,5,975244947,4
1,889,4,975250071,4
1,885,5,975256222,4
1,888,4,975256770,4
1,1860,5,975258612,4
1,881,3,975262478,4
1,880,5,975263581,4
1,877,5,975270288,4
1,866,4,975277666,4
1,869,5,975280276,4
1,865,4,975281416,4
1,858,5,975344295,4
1,851,4,975349655,4
1,849,4,975349940,4
1,854,4,975352017,4
1,844,4,975357399,4
1,843,4,975358071,4
1,839,5,975361217,4
1,832,3,975362713,4
1,1343,5,975367777,4
1,823,3,975379771,4
1,3704,4,975380753,4
1,1605,4,975383578,4
1,817,5,975388686,4
1,813,5,975392914,4
1,809,3,975395592,4
1,801,5,975401059,4
1,802,5,975406133,4
1,798,3,975409257,4
1,795,4,975417180,4
1,788,4,975428905,4
1,808,4,975431123,4
1,781,3,975434906,4
1,780,4,975435937,4
1,1449,4,975436938,4
1,777,3,975438109,4
1,774,3,975438800,4
1,770,4,975443050,4
1,761,4,975451381,4
1,765,5,975451744,4
1,757,3,975454506,4
1,753,5,975458133,4
1,1354,4,975458753,4
1,1960,5,975458990,4
1,855,4,975465974,4
1,890,5,975466476,4
1,822,5,975469145,4
1,746,4,975469261,4
1,816,3,975469547,4
1,739,5,975475262,4
1,749,5,975477144,4
1,733,5,975481380,4
1,729,5,975512206,4
1,726,5,975519140,4
1,722,5,975524460,4
1,719,4,975528288,4
1,718,5,975528326,4
1,731,5,975528946,4
1,4653,3,975533233,4
1,714,5,975535074,4
1,1743,5,975536349,4
1,754,4,975538937,4
1,712,4,975539400,4
1,710,5,975540360,4
1,707,5,975542819,4
1,705,4,975547527,4
1,702,4,975551677,4
1,699,4,975557923,4
1,4983,4,975559348,4
1,697,4,975560617,4
1,696,4,975563075,4
1,1044,3,975570555,4
1,690,5,975584052,4
1,715,4,975600607,4
1,685,3,975602509,4
1,681,4,975603446,4
1,776,5,975605122,4
1,953,4,975606798,4
1,678,5,975608685,4
1,752,5,975610699,4
1,743,3,975625123,4
1,669,5,975631430,4
1,735,4,975646419,4
1,676,5,975649112,4
1,662,3,975661584,4
1,660,3,975690271,4
1,1117,5,975691805,4
1,1422,4,975693028,4
1,721,3,975695147,4
1,653,3,975700204,4
1,783,4,975701689,4
1,2168,3,975705033,4
1,645,5,975715505,4
1,980,2,975730859,4
1,637,5,975739154,4
1,656,4,975740103,4
1,1875,5,975767665,4
1,634,5,975774591,4
1,631,4,975778929,4
1,692,5,975779953,4
1,628,4,975781783,4
1,646,5,975782835,4
1,629,4,975784232,4
1,624,3,975787681,4
1,623,5,975793228,4
1,620,4,975800651,4
1,615,4,975806717,4
1,613,5,975812101,4
1,2195,2,975812971,4
1,2239,3,975814050,4
1,626,5,975819155,4
1,973,4,975860648,4
1,610,5,975861277,4
1,606,5,975869266,4
1,605,5,975869440,4
1,990,4,975871998,4
1,601,3,975880589,4
1,595,4,975896378,4
1,590,5,975913115,4
1,585,4,975949065,4
1,583,5,975957743,4
1,3192,4,975975730,4
1,579,4,975977259,4
1,2574,5,975978544,4
1,577,5,975979958,4
1,576,4,975981105,4
1,1077,3,975986347,4
1,575,4,975989029,4
1,574,4,975991241,4
1,664,4,975992648,4
1,1998,5,976022466,4
1,5675,5,976032426,4
1,566,3,976039064,4
1,563,5,976044797,4
1,556,4,976055729,4
1,555,5,976055820,4
1,737,3,976058569,4
1,550,5,976066733,4
1,546,4,976068943,4
1,549,5,976070010,4
1,541,5,976124683,4
1,536,5,976138606,4
1,1448,5,976138891,4
1,539,4,976140441,4
1,2436,5,976154267,4
1,543,5,976156300,4
1,1897,4,976158694,4
1,524,5,976167828,4
1,523,5,976193525,4
1,509,4,976206020,4
1,630,4,976207250,4
1,491,2,976214774,4
1,499,3,976215021,4
1,495,3,976215194,4
1,490,4,976215478,4
1,1211,3,976217489,4
1,479,5,976218440,4
1,467,4,976226815,4
1,463,5,976227510,4
1,462,3,976230643,4
1,453,3,976232941,4
1,474,5,976237654,4
1,444,4,976240730,4
1,438,5,976245352,4
1,528,5,976245400,4
1,434,5,976248571,4
1,429,5,976258377,4
1,428,4,976260419,4
1,437,4,976277994,4
1,516,3,976279416,4
1,425,3,976282933,4
1,417,4,976285594,4
1,418,4,976285897,4
1,413,5,976287901,4
1,412,4,976294055,4
1,402,4,976295369,4
1,533,4,976295615,4
1,1001,4,976296608,4
1,392,4,976297032,4
1,389,5,976298977,4
1,395,3,976299298,4
1,456,5,976299858,4
1,385,5,976300183,4
1,386,2,976300599,4
1,378,4,976302158,4
1,403,4,976304372,4
1,424,4,976306643,4
1,1242,3,976308358,4
1,369,5,976309628,4
1,366,3,976311000,4
1,368,3,976311812,4
1,380,4,976316203,4
1,355,4,976321278,4
1,350,5,976326454,4
1,352,4,976330185,4
1,346,5,976334600,4
1,340,4,976342108,4
1,338,4,976347032,4
1,337,4,976349046,4
1,329,3,976393427,4
1,325,5,976402092,4
1,451,5,976415081,4
1,321,2,976417163,4
1,1252,4,976476246,4
1,2446,3,976479313,4
1,310,4,976482056,4
1,307,5,976486678,4
1,1752,5,976496818,4
1,716,5,976500370,4
1,302,4,976505024,4
1,496,5,976505066,4
1,301,5,976505707,4
1,300,5,976506060,4
1,294,3,976542545,4
1,372,4,976548746,4
1,293,2,976561599,4
1,284,5,976570517,4
1,4322,4,976572338,4
1,271,4,976636109,4
1,263,4,976651989,4
1,299,3,976659877,4
1,258,5,976671645,4
1,351,4,976677602,4
1,255,4,976683184,4
1,272,5,976695356,4
1,264,4,976714119,4
1,246,5,976728579,4
1,243,4,976749399,4
1,314,4,976751685,4
1,237,4,976761905,4
1,236,4,976765293,4
1,273,5,976774952,4
1,232,4,976812596,4
1,230,3,976820070,4
1,224,3,976831787,4
1,1329,4,976832218,4
1,223,5,976832460,4
1,220,5,976836351,4
1,1983,5,976898659,4
1,213,5,976900243,4
1,214,4,976900595,4
1,1425,5,976932728,4
1,202,4,976939841,4
1,478,5,976941051,4
1,198,5,976980054,4
1,1737,5,977002035,4
1,194,4,977014303,4
1,190,3,977027054,4
1,1779,3,977033829,4
1,186,5,977059438,4
1,5172,3,977084758,4
1,182,5,977085326,4
1,181,2,977088743,4
1,175,4,977113154,4
1,611,4,977155870,4
1,168,4,977177003,4
1,169,5,977199102,4
1,957,5,977202089,4
1,163,4,977213935,4
1,187,4,977232655,4
1,157,5,977249416,4
1,156,5,977249672,4
1,225,4,977257251,4
1,152,4,977268921,4
1,148,5,977335193,4
1,147,4,977336480,4
1,146,5,977348756,4
1,142,4,977352868,4
1,139,4,977360234,4
1,306,3,977365910,4
1,132,5,977427737,4
1,529,5,977449223,4
1,131,3,977453922,4
1,121,5,977459322,4
1,117,3,977498304,4
1,118,3,977501973,4
1,114,3,977506130,4
1,112,5,977508486,4
1,119,5,977513481,4
1,109,4,977519208,4
1,136,2,977530792,4
1,326,3,977605721,4
1,92,4,977646817,4
1,1287,5,977734621,4
1,80,3,977786904,4
1,1733,4,977807720,4
1,134,4,977845495,4
1,76,5,977847069,4
1,75,5,977851099,4
1,73,3,977867812,4
1,60,4,977931983,4
1,56,5,977938855,4
1,51,5,977947828,4
1,49,5,977972501,4
1,48,4,977975909,4
1,45,4,977990044,4
1,44,5,978019369,4
1,38,5,978046225,4
1,123,3,978046755,4
1,204,4,978050004,4
1,36,5,978061285,4
1,34,5,978102970,4
1,26,3,978130703,4
1,21,3,978139347,4
1,18,4,978154768,4
1,150,4,978161692,4
1,149,3,978190837,4
1,1597,5,978202760,4
1,9,5,978225952,4
1,10,5,978226474,4
1,3532,3,978227875,4
1,8,4,978233496,4
1,6,4,978237008,4
1,918,4,978242166,4
1,23,4,978463614,4
1,19,5,978555994,4
1,78,4,978570648,4
1,2041,4,978575760,4
1,1601,4,978576171,4
1,531,5,978643765,4
1,1266,5,978744038,4
1,4757,5,978803666,4
1,1,5,978824268,4
1,2688,4,978835035,4
1,4602,3,978838387,4
1,5371,5,978979144,4
1,28,3,978985309,4
1,701,3,979094230,4
1,4834,3,979094751,4
1,635,5,979142907,4
1,215,4,979174987,4
1,519,4,979336270,4
1,1978,3,979572924,4
1,3274,4,979766714,4
1,2258,4,979835384,4
1,2683,4,979964907,4
1,2077,4,979970672,4
1,1029,4,980037417,4
1,5630,4,980083734,4
1,1712,5,980384814,4
1,2380,3,980547000,4
1,96,4,980563195,4
1,376,4,980620359,4
1,1611,3,980748924,4
1,1447,4,981021536,4
1,791,5,981400121,4
1,4277,5,981448353,4
1,5291,5,981591668,4
1,5761,5,982011671,4
1,162,5,982104496,4
1,4781,3,982445539,4
1,3074,5,982532852,4
1,99,3,982873678,4
1,5102,4,982890348,4
1,1137,4,982910756,4
1,2980,3,983053528,4
1,420,4,983206889,4
1,5734,4,983393245,4
1,1710,2,983746388,4
1,4478,4,983991558,4
1,4610,4,984860682,4
1,1164,3,985230399,4
1,588,3,985731996,4
1,2756,5,985994631,4
1,195,5,986048425,4
1,840,5,986501545,4
1,1451,4,987047553,4
1,4063,5,987566384,4
1,5053,5,987896204,4
1,979,4,988055769,4
1,2880,4,989098470,4
1,3824,4,990726708,4
1,65,5,991368774,4
1,68,3,991376026,4
1,2271,4,991604480,4
1,151,2,992133251,4
1,239,5,993359328,4
1,1842,5,993443230,4
1,90,3,993872933,4
1,1243,4,994719642,4
1,3648,4,994800268,4
1,5424,5,995068927,4
1,173,4,995304562,4
1,4764,5,995409366,4
1,308,4,995833809,4
1,5034,4,996342562,4
1,333,5,996356395,4
1,5492,4,996697549,4
1,411,5,997066018,4
1,755,4,997812961,4
1,3560,5,998254574,4
1,5723,4,999112071,4
1,2070,5,999204904,4
1,3229,3,999723589,4
1,5991,4,1000092676,4
1,5565,5,1000931674,4
1,2859,5,1001708255,4
1,482,2,1002083483,4
1,3471,3,1002608018,4
1,343,5,1003251499,4
1,3125,5,1003772537,4
1,1141,5,1005053594,4
1,2824,5,1005966797,4
1,3832,4,1006891525,4
1,1912,4,1007355345,4
1,691,4,1010907849,4
1,1265,4,1011716691,4
1,3014,3,1013918647,4
1,698,3,1015123819,4
1,4640,5,1017428648,4
1,1390,4,1018907907,4
1,3970,4,1019228142,4
1,641,5,1019443119,4
1,3562,5,1023984367,4
1,193,4,1025569964,4
1,3013,4,1035778924,4
1,2395,4,1035837220,4
1,1088,4,1037238940,4
1,2407,4,1037240494,4
1,4744,5,1038922871,4
1,184,5,1038970374,4
1,231,5,1040445432,4
1,5156,5,1041862897,4
1,736,3,1045710680,4
2,6019,4,956761170,1
2,6001,3,956805460,2
2,5996,3,956854341,2
2,5989,4,956874389,3
2,6000,3,956884937,3
2,5964,1,956996888,1
2,5961,4,957022911,2
2,6006,2,957032380,2
2,5956,2,957079525,1
2,5931,4,957227079,2
2,5925,5,957294433,3
2,5917,4,957316394,3
2,5908,3,957374181,3
2,5886,2,957486746,3
2,5875,4,957583344,3
2,5954,4,957651394,3
2,5857,4,957721104,3
2,5848,4,957783630,3
2,5831,3,957899346,3
2,5794,5,958069590,3
2,5837,3,958145140,3
2,5795,2,958145830,3
2,5854,4,958270871,3
2,5751,3,958309656,3
2,5762,1,958311777,3
2,5705,4,958546369,3
2,5720,1,958578453,2
2,5698,4,958595123,3
2,5691,4,958599531,3
2,5747,4,958698523,3
2,5663,4,958770442,3
2,5763,3,958836672,3
2,5650,4,958863085,3
2,5682,2,958963071,3
2,5634,4,959008544,3
2,5627,3,959043190,3
2,5619,4,959120209,3
2,5575,3,959291428,3
2,5615,3,959306539,3
2,5568,5,959310761,3
2,5580,2,959346265,3
2,5782,3,959367374,3
2,5558,2,959391265,3
2,5604,3,959459608,3
2,5550,4,959474113,3
2,5543,3,959510372,3
2,5570,3,959541466,3
2,5555,4,959550502,3
2,5605,2,959551081,3
2,5530,2,959623497,3
2,5523,3,959647419,3
2,5515,2,959704102,2
2,5506,3,959728352,2
2,5504,5,959736397,3
2,5511,4,959800798,3
2,5493,3,959886138,3
2,5471,2,959895356,3
2,5452,2,959935514,2
2,5443,4,959990488,3
2,5441,3,959990545,3
2,5536,2,959990954,2
2,5433,3,960050374,2
2,5420,4,960158225,3
2,5408,4,960246287,3
2,5401,3,960259692,3
2,5367,2,960500979,3
2,5365,3,960503849,3
2,5361,1,960525080,2
2,5359,4,960604200,2
2,5351,3,960658424,2
2,5689,3,960784566,2
2,5321,2,960865808,2
2,5319,2,960867210,2
2,5812,4,960874893,2
2,5302,4,960954300,2
2,5306,4,961012382,2
2,5287,2,961086411,2
2,5268,3,961168963,2
2,5250,3,961355447,2
2,5244,4,961383232,2
2,5232,4,961459332,3
2,5225,3,961519899,3
2,5222,2,961531755,2
2,5230,3,961545750,2
2,5218,5,961550409,3
2,5200,5,961649149,3
2,5277,3,961792484,3
2,5161,3,961910317,3
2,5151,3,961985985,3
2,5136,4,962093844,3
2,5131,5,962131525,3
2,5142,3,962147459,3
2,5312,4,962157431,3
2,5114,5,962312576,3
2,5112,2,962329359,3
2,5108,3,962339903,3
2,5100,5,962409350,3
2,5063,3,962480164,3
2,5046,2,962501782,3
2,5030,3,962564826,3
2,5026,3,962580556,3
2,5011,4,962585746,3
2,5455,4,962595670,3
2,5000,5,962596781,3
2,4979,3,962599976,3
2,4975,3,962607167,3
2,4965,4,962613223,3
2,4957,2,962638549,3
2,4953,4,962640581,3
2,4902,4,962685711,3
2,4908,4,962686193,3
2,4897,2,962717490,3
2,5172,4,962723289,3
2,5643,3,962739059,3
2,4888,4,962739422,3
2,5084,3,962766678,3
2,4855,3,962847578,3
2,4867,3,962851513,3
2,5167,4,962855006,3
2,4830,3,962906097,3
2,4824,3,962917160,3
2,4819,5,962923274,3
2,4810,2,962934636,3
2,4808,4,962937210,3
2,4796,3,962988064,3
2,4788,3,962997426,3
2,4786,3,963003001,3
2,5278,2,963263220,3
2,4725,3,963374639,3
2,4719,5,963417485,3
2,4704,3,963533342,3
2,4699,4,963564755,3
2,4697,4,963596600,3
2,4687,3,963629771,3
2,4736,3,963632024,3
2,4733,4,963673510,3
2,4666,3,963844979,3
2,4656,3,963894679,3
2,4658,2,963966530,3
2,4726,4,963990405,3
2,4640,1,964020354,3
2,4633,5,964036719,3
2,4635,4,964144445,3
2,5978,4,964186422,3
2,4601,4,964207958,3
2,4591,4,964305545,3
2,4585,5,964323312,3
2,5614,4,964400831,3
2,4577,2,964405311,3
2,4572,4,964461304,3
2,4567,4,964638754,3
2,4541,3,964713133,3
2,4524,4,964815052,3
2,4508,3,964983061,3
2,4498,2,964999041,3
2,4490,3,965008769,3
2,4482,1,965021030,3
2,4556,4,965061312,3
2,4472,3,965065838,3
2,4446,3,965089266,3
2,4502,3,965096353,3
2,5074,2,965136938,3
2,4447,3,965146028,3
2,4404,3,965158489,3
2,4390,3,965162874,3
2,4374,4,965179152,3
2,4364,2,965184604,3
2,4363,5,965185385,3
2,4360,2,965187843,3
2,4359,4,965190373,3
2,4388,4,965218961,3
2,4456,2,965230397,3
2,4352,3,965233081,3
2,4336,3,965242072,3
2,4333,3,965242392,3
2,4386,4,965247443,3
2,4387,3,965250686,3
2,4285,4,965278724,3
2,4279,3,965285649,3
2,4262,3,965305388,3
2,4271,2,965306692,3
2,4234,2,965310820,3
2,4242,4,965312117,3
2,4222,3,965314463,3
2,4227,3,965314948,3
2,4207,5,965326554,3
2,4183,4,965331868,3
2,4318,3,965339396,3
2,4153,4,965340597,3
2,4238,2,965342960,3
2,4141,3,965350995,3
2,4131,3,965351846,3
2,4150,2,965353175,3
2,4127,4,965355898,3
2,4123,3,965357032,3
2,4140,3,965357521,3
2,4384,3,965363903,3
2,4115,4,965364030,3
2,4112,4,965366448,3
2,4322,3,965386756,3
2,4096,3,965422437,3
2,4088,3,965432366,3
2,4124,3,965445754,3
2,4085,4,965454402,3
2,4064,2,965481360,3
2,4058,2,965491281,3
2,4048,4,965499858,3
2,4086,4,965502886,3
2,4021,3,965522998,3
2,4033,3,965523737,3
2,4020,3,965524602,3
2,4022,4,965524907,3
2,4016,1,965534383,3
2,4013,3,965537014,3
2,4006,4,965552899,3
2,4000,4,965570568,3
2,3999,3,965574372,3
2,3997,5,965579739,3
2,4042,1,965581609,3
2,3992,4,965592181,3
2,3990,3,965595314,3
2,4344,4,965670516,3
2,3958,1,965673960,3
2,3951,3,965679829,3
2,4107,3,965690813,3
2,3945,4,965690904,3
2,4312,4,965697696,3
2,3934,3,965704331,3
2,4041,4,965712197,3
2,3922,3,965713600,3
2,3946,4,965756623,3
2,3887,3,965806208,3
2,3971,3,965859870,3
2,3853,4,965875843,3
2,3820,4,965946170,3
2,3819,4,965948934,3
2,3807,5,965965717,3
2,3808,3,965970213,3
2,3841,1,965995951,3
2,3777,2,966035655,3
2,3774,3,966041037,3
2,3778,3,966044591,3
2,3773,4,966045524,3
2,3760,3,966096728,3
2,3756,3,966100015,3
2,3827,4,966130041,3
2,3771,2,966181525,3
2,3726,4,966227394,3
2,3715,4,966265514,3
2,3711,5,966270677,3
2,4345,3,966273346,3
2,3712,3,966279538,3
2,3698,1,966294089,3
2,3697,5,966302412,3
2,3727,3,966309039,3
2,3689,3,966313205,3
2,3687,4,966317199,3
2,3676,3,966361977,3
2,3675,3,966364686,3
2,3667,4,966385333,3
2,3692,4,966396202,3
2,3834,4,966405040,3
2,4277,4,966422244,3
2,4448,3,966449544,3
2,3655,2,966452388,3
2,3650,1,966459984,3
2,3624,4,966562424,3
2,3626,4,966612591,3
2,3691,3,966612710,3
2,3609,4,966614715,3
2,3591,4,966646377,3
2,3590,4,966654756,3
2,3582,4,966699287,3
2,3994,4,966701050,3
2,3578,4,966712025,3
2,3576,4,966723297,3
2,4354,1,966753224,3
2,3565,2,966780885,3
2,4510,2,966788613,3
2,3556,3,966808246,3
2,3555,4,966809341,3
2,3618,3,966865248,3
2,3540,4,966883064,3
2,3522,3,966914054,3
2,3539,4,966928448,3
2,3511,4,966974971,3
2,3509,2,966975066,3
2,3512,3,966975849,3
2,3501,3,966996760,3
2,3491,5,967069850,3
2,3483,2,967070360,3
2,3569,1,967142327,3
2,3507,1,967154457,3
2,3462,2,967177850,3
2,3458,4,967224545,3
2,3434,4,967335203,3
2,3414,4,967487825,3
2,3394,2,967490749,3
2,3389,1,967581048,3
2,3884,4,967597729,3
2,3370,3,967607969,3
2,3391,4,967657895,3
2,3336,3,967855179,3
2,3312,1,967958644,3
2,3311,2,967960550,3
2,3308,5,967975269,3
2,3842,3,967986593,3
2,3283,2,968122075,3
2,3292,4,968125553,3
2,3259,4,968271387,3
2,3228,4,968416178,3
2,3224,3,968519468,3
2,3320,4,968522205,3
2,3205,3,968565586,3
2,3202,2,968575400,3
2,3163,4,968883512,3
2,3155,3,968897471,3
2,3261,3,968936742,3
2,3147,4,968966314,3
2,3141,2,969033508,3
2,3128,1,969295471,3
2,3121,3,969334189,3
2,4600,3,969349084,3
2,3119,3,969392822,3
2,3110,1,969487011,3
2,3108,2,969491525,3
2,3101,3,969583684,3
2,3093,3,969650197,3
2,3087,4,969737617,3
2,3081,3,969800995,3
2,3082,2,969812857,3
2,3189,3,969862138,3
2,3067,2,969999088,3
2,3367,4,970080091,3
2,3056,4,970126016,3
2,3032,4,970345251,3
2,3029,4,970365071,3
2,5620,3,970515147,3
2,3013,4,970521421,3
2,2999,4,970621252,3
2,3024,4,970624934,3
2,2997,3,970685652,3
2,2995,4,970691596,3
2,2989,4,970775191,3
2,2976,3,971020773,3
2,2966,4,971117744,3
2,3272,4,971247101,3
2,2939,3,971411899,3
2,2934,3,971488304,3
2,2928,1,971556097,3
2,3196,3,971756887,3
2,2907,5,971820437,3
2,2909,3,971971338,3
2,2888,3,972058704,3
2,2887,4,972143106,3
2,4497,2,972442732,3
2,2857,3,972508216,3
2,2848,4,972512866,3
2,2845,4,972526661,3
2,2996,3,972700760,3
2,3620,3,972784839,3
2,2804,4,972793757,3
2,2810,4,972840303,3
2,2777,3,973052247,3
2,2742,2,973221045,3
2,2743,2,973222571,3
2,2727,2,973267898,3
2,2876,1,973281616,3
2,3471,3,973298526,3
2,2675,4,973407181,3
2,2664,3,973458958,3
2,2624,4,973640712,3
2,2595,2,973823782,3
2,2576,3,973897610,3
2,2566,2,973966644,3
2,2565,4,973969597,3
2,2558,4,973991932,3
2,2551,2,974015122,3
2,2540,4,974047655,3
2,2592,3,974057819,3
2,2529,3,974057981,3
2,2519,3,974067767,3
2,2583,5,974073324,3
2,2510,5,974073901,3
2,2492,3,974123202,3
2,2489,4,974139916,3
2,2479,2,974148486,3
2,2470,4,974158037,3
2,2461,4,974169996,3
2,2638,3,974177902,3
2,2454,4,974181088,3
2,2319,4,974476033,3
2,2308,5,974489230,3
2,2304,4,974500817,3
2,2274,3,974564868,3
2,2444,5,974578880,3
2,2263,4,974581386,3
2,2265,3,974581439,3
2,2411,3,974589593,3
2,2258,3,974590232,3
2,2242,5,974598144,3
2,2251,3,974601598,3
2,2203,5,974606061,3
2,2192,3,974607041,3
2,2180,2,974609060,3
2,2181,3,974612911,3
2,2157,3,974618275,3
2,2152,3,974620151,3
2,2148,3,974621138,3
2,2136,4,974643052,3
2,2124,3,974651942,3
2,2088,4,974658040,3
2,2109,4,974662046,3
2,2047,2,974665686,3
2,2012,2,974677613,3
2,2003,4,974678423,3
2,1996,5,974681923,3
2,1964,2,974685900,3
2,2010,1,974687592,3
2,1969,3,974688283,3
2,1931,3,974691505,3
2,1891,4,974694385,3
2,1901,4,974695145,3
2,1956,4,974695478,3
2,1880,2,974697268,3
2,1884,3,974698705,3
2,1781,3,974701335,3
2,1761,4,974702563,3
2,1757,3,974702693,3
2,1726,3,974704890,3
2,1861,2,974705011,3
2,1764,4,974705562,3
2,1693,2,974707287,3
2,1780,3,974707770,3
2,1716,2,974710189,3
2,1689,4,974710220,3
2,1694,3,974711369,3
2,1649,3,974712016,3
2,1655,2,974712051,3
2,1666,4,974715056,3
2,1637,4,974715139,3
2,1641,4,974715186,3
2,1616,3,974729145,3
2,1614,3,974729927,3
2,1606,4,974730777,3
2,1599,3,974734082,3
2,2097,3,974734776,3
2,1592,3,974736348,3
2,1586,4,974736687,3
2,1543,4,974743869,3
2,1529,3,974744877,3
2,1542,3,974745795,3
2,1841,3,974747342,3
2,1494,3,974750176,3
2,1496,4,974752804,3
2,2106,1,974755210,3
2,1464,3,974756561,3
2,2015,2,974758052,3
2,1904,3,974758384,3
2,1988,4,974758418,3
2,1818,2,974758775,3
2,1421,1,974761230,3
2,1426,3,974763389,3
2,1403,4,974763835,3
2,1395,1,974764081,3
2,1495,1,974764675,3
2,1392,4,974766319,3
2,1377,3,974771757,3
2,1354,4,974775699,3
2,1330,2,974776330,3
2,1899,3,974777408,3
2,1333,2,974777621,3
2,1600,4,974780142,3
2,1389,4,974780700,3
2,1340,2,974781279,3
2,1317,3,974785159,3
2,2424,3,974786564,3
2,1301,3,974790843,3
2,1676,3,974795286,3
2,1271,3,974817081,3
2,1879,3,974817536,3
2,1264,4,974819506,3
2,1546,3,974822146,3
2,3610,4,974823099,3
2,1298,4,974837004,3
2,1680,4,974839862,3
2,1207,2,974845134,3
2,1244,2,974847735,3
2,1371,5,974847971,3
2,1746,5,974849293,3
2,1202,4,974850100,3
2,1635,3,974854089,3
2,1941,4,974854753,3
2,2116,3,974856388,3
2,1176,4,974858401,3
2,1958,4,974858422,3
2,1152,2,974867742,3
2,1339,1,974870905,3
2,1303,1,974871808,3
2,1141,3,974878559,3
2,1132,4,974890509,3
2,1837,3,974901389,3
2,1119,3,974912222,3
2,1230,4,974917249,3
2,1100,3,974924171,3
2,1220,3,974925935,3
2,1605,3,974930708,3
2,1501,4,974931596,3
2,1096,3,974932759,3
2,1168,3,974933047,3
2,1080,5,974943639,3
2,1112,2,974947050,3
2,1058,3,974958067,3
2,1050,3,974963207,3
2,1042,4,974969303,3
2,2665,2,974992079,3
2,1032,4,974999858,3
2,1380,3,975012310,3
2,1010,1,975026860,3
2,2120,3,975035766,3
2,1015,3,975036198,3
2,1004,4,975044501,3
2,1983,5,975054170,3
2,984,2,975100759,3
2,2188,3,975103246,3
2,971,4,975112025,3
2,1920,3,975128331,3
2,1502,4,975142809,3
2,1922,3,975162006,3
2,925,1,975197772,3
2,955,3,975209633,3
2,893,1,975227364,3
2,1675,4,975242553,3
2,911,4,975257515,3
2,2223,3,975263275,3
2,880,3,975263498,3
2,877,3,975269440,3
2,869,2,975281371,3
2,1115,2,975362992,3
2,2063,3,975376304,3
2,817,4,975388896,3
2,810,3,975393422,3
2,798,5,975406385,3
2,1120,4,975437519,3
2,780,3,975437867,3
2,777,3,975440088,3
2,757,3,975454037,3
2,1425,3,975455236,3
2,753,3,975461406,3
2,1109,1,975464172,3
2,746,2,975469078,3
2,720,3,975527759,3
2,731,5,975527781,3
2,1314,4,975534058,3
2,713,1,975537517,3
2,710,4,975542961,3
2,695,1,975559877,3
2,699,3,975563652,3
2,765,3,975611990,3
2,1125,1,975625360,3
2,669,4,975634729,3
2,662,4,975662161,3
2,641,4,975725638,3
2,2054,3,975734399,3
2,692,5,975739161,3
2,634,4,975774445,3
2,721,3,975775039,3
2,3821,2,975780212,3
2,714,4,975782657,3
2,629,4,975783931,3
2,624,3,975788281,3
2,601,3,975880382,3
2,712,3,975956768,3
2,571,4,975998106,3
2,563,3,976045445,3
2,1181,1,976070140,3
2,549,3,976071572,3
2,541,2,976126006,3
2,1087,3,976132732,3
2,550,4,976157799,3
2,509,3,976206849,3
2,1448,4,976218674,3
2,533,2,976219743,3
2,475,4,976219986,3
2,476,4,976220372,3
2,520,4,976226411,3
2,449,1,976234595,3
2,474,5,976240071,3
2,436,4,976246312,3
2,431,2,976251032,3
2,429,2,976258780,3
2,413,4,976287988,3
2,403,2,976291961,3
2,3080,2,976302794,3
2,1449,2,976311522,3
2,337,4,976350852,3
2,321,1,976416631,3
2,329,3,976472850,3
2,310,4,976483344,3
2,301,3,976504720,3
2,302,2,976506651,3
2,424,4,976548635,3
2,284,3,976574872,3
2,4169,3,976588802,3
2,270,4,976654159,3
2,262,3,976661088,3
2,368,4,976671174,3
2,271,4,976678237,3
2,272,2,976695221,3
2,264,3,976727623,3
2,3792,5,976803204,3
2,229,3,976823236,3
2,245,3,976827478,3
2,222,3,976834893,3
2,223,5,976904147,3
2,323,5,976973350,3
2,1737,4,977007406,3
2,355,2,977032551,3
2,198,3,977093666,3
2,3300,4,977114517,3
2,2962,3,977169352,3
2,157,3,977249021,3
2,387,4,977280197,3
2,146,3,977348665,3
2,147,4,977357720,3
2,566,3,977360798,3
2,136,1,977424195,3
2,127,3,977437320,3
2,114,4,977506644,3
2,119,5,977513909,3
2,109,4,977516965,3
2,149,3,977591827,3
2,83,3,977721051,3
2,1733,2,977809984,3
2,75,4,977851476,3
2,62,4,977904756,3
2,60,5,977931869,3
2,53,5,977981548,3
2,40,5,978040739,3
2,204,4,978059164,3
2,48,3,978064964,3
2,27,1,978129692,3
2,2119,1,978150983,3
2,18,2,978152541,3
2,13,3,978202563,3
2,163,3,978234055,3
2,23,2,978461604,3
2,1422,2,978467973,3
2,366,3,978474514,3
2,1266,3,978746659,3
2,4834,4,979095001,3
2,531,2,979157934,3
2,10,5,979168267,3
2,148,5,979578366,3
2,2077,4,979977212,3
2,3401,4,980127148,3
2,890,5,980134186,3
2,438,3,980904468,3
2,293,2,980973997,3
2,1447,3,981020999,3
2,1101,4,982008992,3
2,1557,4,982694205,3
2,4610,3,984860491,3
2,1530,3,985055314,3
2,1611,4,985147359,3
2,959,3,986079097,3
2,92,2,986189016,3
2,1051,4,987219803,3
2,3503,4,988272498,3
2,678,4,989241476,3
2,1369,2,992376206,3
2,3648,3,994802445,3
2,3158,3,995143647,3
2,308,4,995837041,3
2,5492,3,996764094,3
2,1203,3,998231547,3
2,1980,3,999400308,3
2,5938,4,1002300778,3
2,44,4,1004410663,3
2,2926,4,1006657895,3
2,1943,3,1008984936,3
2,2918,2,1011907899,3
2,1265,1,1012103735,3
2,195,3,1015890397,3
2,4186,3,1017843286,3
2,1776,3,1017956720,3
2,5001,4,1019973871,3
2,3140,4,1020012770,3
2,5054,3,1025053074,3
2,2195,2,1025367618,3
2,4089,4,1025549989,3
2,5322,2,1025710301,3
2,1854,2,1028507222,3
2,1348,4,1029730332,3
2,2985,3,1030052826,3
2,1246,3,1032056272,3
2,3693,2,1035325435,3
2,5657,4,1041646930,3
2,1645,4,1042345104,3
2,4958,3,1044984022,3
3,6025,3,956731760,1
3,6016,2,956785966,1
3,6000,3,956885279,2
3,5961,3,957024904,3
3,5955,2,957110672,2
3,5946,4,957194869,3
3,5948,3,957195752,3
3,5915,4,957402196,3
3,5896,4,957459576,4
3,5888,1,957479796,3
3,5881,5,957549548,3
3,5847,2,957796689,3
3,5827,3,957894950,3
3,5794,4,958071934,3
3,5788,3,958109558,3
3,5780,1,958155242,2
3,5854,2,958273555,2
3,5747,2,958359231,2
3,5728,4,958471754,2
3,5720,1,958578198,2
3,5676,4,958677467,2
3,5641,3,958926966,2
3,5605,1,959569544,2
3,5519,2,959656322,2
3,5493,2,959812862,2
3,5459,3,959912003,2
3,5744,4,959996590,2
3,5604,3,960002392,2
3,5430,5,960074152,2
3,5365,4,960504254,3
3,5367,3,960504909,3
3,5361,4,960520368,3
3,5347,5,960667920,3
3,5340,1,960703712,3
3,5306,4,960940446,3
3,5256,3,961299084,3
3,5250,1,961358994,3
3,5249,3,961603015,3
3,5163,3,961904663,3
3,5159,3,961935975,3
3,5153,2,961972553,2
3,5131,2,962132107,2
3,5108,2,962338920,2
3,5084,3,962400424,2
3,5812,3,962438353,2
3,5026,3,962581543,2
3,5011,3,962636741,2
3,4934,3,962648212,2
3,5643,2,962740179,2
3,4837,1,962896513,2
3,4828,3,962906018,2
3,4813,2,962930679,2
3,4806,3,962936752,2
3,4950,2,962947180,2
3,4785,4,963006676,2
3,4962,2,963097178,2
3,4754,3,963180243,2
3,4748,4,963273061,2
3,4729,2,963351880,2
3,4713,3,963450051,2
3,4715,2,963508577,2
3,4704,2,963534424,2
3,4673,4,963772009,2
3,4637,1,964034498,2
3,4535,5,964721002,2
3,4524,4,964814813,2
3,4507,4,964981247,2
3,4508,1,964987945,2
3,4491,4,965007542,2
3,4483,3,965019432,2
3,4446,3,965092752,2
3,4430,2,965105747,2
3,4404,3,965157972,2
3,4390,4,965165549,2
3,4357,4,965189055,2
3,4360,3,965190086,2
3,4343,3,965228417,2
3,4336,5,965238379,3
3,4285,5,965281199,3
3,4281,5,965284632,3
3,4218,4,965318882,3
3,4227,2,965324274,3
3,4171,3,965335985,3
3,4318,4,965340903,3
3,4238,3,965344180,3
3,4140,3,965351957,3
3,4129,2,965352999,3
3,4105,3,965409317,3
3,4083,1,965437344,3
3,4124,5,965445063,3
3,4055,1,965492835,3
3,4048,3,965497597,3
3,4036,4,965508566,3
3,4033,3,965513641,3
3,4352,3,965534313,3
3,4001,3,965572842,3
3,3999,4,965576770,3
3,3958,3,965673288,3
3,3957,2,965676420,3
3,3934,3,965707636,3
3,4041,4,965714379,3
3,3900,5,965876785,3
3,3796,3,966015808,3
3,3778,3,966038510,3
3,3773,4,966045581,3
3,3762,1,966091548,3
3,3751,1,966132079,3
3,3724,3,966223278,3
3,3716,4,966266611,3
3,3709,4,966276307,3
3,3690,3,966310070,3
3,3669,3,966380572,3
3,3729,3,966571768,3
3,3626,5,966597497,3
3,3609,3,966615509,3
3,3600,3,966620191,3
3,3591,3,966646732,3
3,3590,3,966656771,3
3,3589,2,966659678,3
3,3577,4,966712000,3
3,3576,4,966724144,3
3,3562,2,966793627,3
3,3526,3,966905698,3
3,3506,4,966978390,3
3,3507,4,967066056,3
3,3477,4,967126865,3
3,3967,2,967553778,3
3,3519,3,967573352,3
3,3411,2,967582997,3
3,3378,4,967823584,3
3,3328,3,967910991,3
3,3311,3,967959743,3
3,3308,3,967979225,3
3,3280,1,968347304,3
3,4619,2,968450556,3
3,3224,4,968523136,3
3,3320,1,968525355,3
3,3205,2,968564649,3
3,3191,3,968654045,3
3,3824,3,968676443,3
3,3182,2,968781298,3
3,3163,4,968887429,3
3,3476,5,968953563,3
3,3518,2,969288894,3
3,3087,3,969683087,3
3,3081,4,969808859,3
3,3189,2,969870010,3
3,3067,4,969998650,3
3,3032,5,970348822,3
3,3029,4,970365773,3
3,3013,3,970510859,3
3,3007,2,970540147,3
3,2984,4,970869417,3
3,3065,4,971148340,3
3,2948,3,971242757,3
3,2946,3,971273951,3
3,2941,1,971349356,3
3,2938,4,971448846,3
3,2934,3,971495121,3
3,2907,2,971818243,3
3,2900,3,971902282,3
3,2899,4,971920187,3
3,2909,3,971973992,3
3,2888,4,972060838,3
3,3471,3,972122836,3
3,2887,3,972156657,3
3,2935,3,972177181,3
3,5872,3,972434854,3
3,2865,4,972493370,3
3,2848,2,972512046,3
3,2843,3,972545413,3
3,2837,3,972572055,3
3,2996,2,972769064,3
3,3620,1,972867569,3
3,2793,2,972936695,3
3,2785,3,972990417,3
3,2777,5,973048897,3
3,2776,2,973054140,3
3,2751,4,973198548,3
3,2743,3,973218271,3
3,2737,2,973225681,3
3,2878,3,973231660,3
3,2792,2,973237399,3
3,2730,3,973261951,3
3,2725,1,973270848,3
3,2695,3,973309870,3
3,2680,3,973389258,3
3,2681,3,973392354,3
3,2623,5,973644621,3
3,2618,5,973658954,3
3,2610,3,973722629,3
3,2611,1,973725480,3
3,2592,3,973828400,3
3,2577,4,973896446,3
3,2590,3,973931592,3
3,2564,4,973971734,3
3,2544,2,974040481,3
3,2542,5,974044590,3
3,2541,4,974048851,3
3,2529,4,974056691,3
3,2506,3,974077022,3
3,2504,4,974082679,3
3,2466,1,974161610,3
3,2858,5,974171820,3
3,2439,3,974225852,3
3,2419,3,974245526,3
3,2404,5,974258422,3
3,2378,4,974331102,3
3,2375,5,974334351,3
3,2374,5,974335927,3
3,2370,3,974337583,3
3,2371,5,974338416,3
3,3312,4,974410063,3
3,2334,3,974429991,3
3,2328,4,974431752,3
3,2307,3,974488456,3
3,2298,2,974500185,3
3,2304,5,974504150,3
3,2290,3,974517393,3
3,2288,2,974521058,3
3,2286,5,974523277,3
3,2270,2,974574366,3
3,2265,3,974580410,3
3,2250,4,974596094,3
3,2217,2,974600575,3
3,2237,3,974601679,3
3,2203,4,974607280,3
3,2181,4,974608048,3
3,2208,3,974614282,3
3,2162,5,974616160,3
3,2149,3,974620869,3
3,2153,5,974624834,3
3,2136,4,974643895,3
3,2121,3,974646826,3
3,2113,4,974649159,3
3,2114,3,974649466,3
3,2110,1,974650369,3
3,2116,5,974651018,3
3,2085,4,974654502,3
3,2077,4,974658595,3
3,2063,3,974659280,3
3,2056,1,974660175,3
3,2072,3,974662354,3
3,2058,3,974663519,3
3,2048,3,974663554,3
3,2047,2,974664250,3
3,2109,3,974664277,3
3,2054,4,974664581,3
3,2046,2,974665420,3
3,2035,3,974667282,3
3,2012,3,974680718,3
3,1996,2,974680923,3
3,1981,1,974683944,3
3,1927,3,974689940,3
3,1870,2,974694261,3
3,1930,4,974694766,3
3,1851,2,974698223,3
3,1803,3,974699695,3
3,1774,3,974700950,3
3,1767,2,974701948,3
3,1766,3,974701955,3
3,1733,2,974704848,3
3,1714,3,974705974,3
3,1712,3,974706484,3
3,1711,2,974707923,3
3,1757,2,974708076,3
3,1687,4,974708612,3
3,1683,5,974708818,3
3,1659,3,974711060,3
3,1652,4,974711685,3
3,1637,1,974714898,3
3,1709,5,974715313,3
3,1631,3,974723987,3
3,1920,3,974730030,3
3,1598,3,974733712,3
3,1613,4,974734602,3
3,2665,1,974737959,3
3,1577,3,974738249,3
3,1563,3,974740808,3
3,1587,2,974741600,3
3,1507,3,974748237,3
3,1880,2,974748639,3
3,1510,3,974748728,3
3,1503,4,974748862,3
3,1494,3,974749622,3
3,1497,3,974749730,3
3,1839,3,974751979,3
3,1470,2,974753478,3
3,1462,2,974755333,3
3,1489,2,974756362,3
3,1461,1,974756468,3
3,1419,2,974760685,3
3,1595,2,974768102,3
3,1984,3,974769519,3
3,1377,4,974771511,3
3,1624,3,974774219,3
3,1980,2,974774610,3
3,1316,3,974778754,3
3,1322,3,974778930,3
3,1313,3,974779803,3
3,1314,1,974780193,3
3,2078,4,974787026,3
3,1759,4,974789505,3
3,1676,4,974800101,3
3,1647,1,974804912,3
3,1272,3,974816894,3
3,1259,4,974820889,3
3,1264,3,974822760,3
3,1599,3,974824594,3
3,1501,5,974828828,3
3,1246,3,974829428,3
3,1680,3,974838162,3
3,1427,4,974840419,3
3,1284,3,974843995,3
3,1184,4,974856566,3
3,1175,5,974858009,3
3,1181,1,974858584,3
3,1170,2,974860628,3
3,1161,2,974862482,3
3,1157,4,974866318,3
3,1146,2,974873376,3
3,1142,4,974875854,3
3,1883,3,974877110,3
3,1124,3,974913275,3
3,1106,4,974920732,3
3,1118,2,974925150,3
3,1220,4,974927531,3
3,1958,4,974928270,3
3,1097,3,974929229,3
3,1084,4,974932905,3
3,1096,3,974934039,3
3,1941,3,974951331,3
3,1051,5,974957901,3
3,1059,2,974967130,3
3,1034,4,974996010,3
3,1033,2,974996217,3
3,1556,2,974996937,3
3,1027,4,975002506,3
3,1016,2,975011613,3
3,1004,2,975052294,3
3,959,4,975125065,3
3,948,4,975146261,3
3,1428,3,975167623,3
3,937,4,975174316,3
3,935,4,975181668,3
3,927,3,975194989,3
3,925,4,975197976,3
3,921,3,975201818,3
3,915,1,975202953,3
3,1261,3,975205002,3
3,901,3,975215215,3
3,899,1,975216698,3
3,1010,1,975222302,3
3,889,2,975248484,3
3,885,4,975255810,3
3,2223,2,975263642,3
3,1244,1,975339778,3
3,1127,1,975345439,3
3,2446,3,975350391,3
3,1962,2,975362133,3
3,1605,2,975382810,2
3,818,3,975384767,2
3,809,3,975393880,2
3,800,4,975404385,3
3,797,3,975414096,3
3,781,2,975435708,2
3,776,1,975437209,2
3,770,2,975442781,2
3,759,3,975453492,2
3,749,3,975478193,2
3,1218,2,975515782,2
3,2050,3,975524922,2
3,717,3,975529811,2
3,731,4,975530847,2
3,699,3,975564441,2
3,689,4,975584261,2
3,1509,2,975611265,2
3,676,5,975650279,2
3,1422,4,975691635,2
3,687,5,975692867,3
3,1241,5,975737688,3
3,1425,4,975784354,3
3,621,3,975799173,3
3,620,3,975801298,3
3,1347,2,975808090,3
3,596,1,975893822,3
3,594,3,975899687,3
3,583,3,975958102,3
3,581,3,975966063,3
3,570,4,976001071,3
3,566,3,976041775,3
3,549,1,976071275,2
3,542,3,976120672,2
3,2436,3,976154059,2
3,528,4,976159049,3
3,550,3,976167725,3
3,524,2,976171360,2
3,5972,3,976205350,2
3,501,3,976211906,2
3,543,5,976215314,3
3,482,5,976217888,3
3,476,3,976223306,3
3,467,4,976226347,3
3,461,3,976229360,3
3,445,4,976241134,3
3,453,3,976246177,3
3,433,1,976249444,3
3,432,2,976250364,3
3,438,3,976257148,3
3,427,3,976278737,3
3,412,3,976286964,3
3,419,5,976290611,3
3,403,4,976292433,3
3,509,3,976296497,3
3,392,3,976297475,3
3,347,3,976331216,3
3,338,2,976346759,3
3,334,4,976379491,3
3,457,4,976392228,3
3,325,4,976403353,3
3,365,3,976404863,3
3,319,1,976423199,3
3,329,4,976473371,3
3,310,3,976481789,3
3,291,1,976564957,3
3,301,4,976584797,3
3,4169,2,976589831,3
3,216,5,976863351,3
3,223,4,976903556,3
3,1449,2,976908864,3
3,202,3,976935376,3
3,199,3,977006289,3
3,1779,3,977034990,3
3,169,5,977202633,3
3,166,3,977297930,3
3,163,1,977322823,3
3,153,5,977437594,3
3,62,3,977904968,3
3,45,2,977989159,3
3,26,2,978140022,3
3,531,4,978646216,3
3,442,3,978733133,3
3,439,3,979912023,3
3,3401,3,980116928,3
3,4258,3,980276408,3
3,3792,2,980451762,3
3,2127,3,982120078,3
3,1776,3,983081143,3
3,1969,3,984447854,3
3,4979,2,984546110,3
3,1889,2,989089478,3
3,3096,3,989437784,3
3,4079,5,990632527,3
3,979,5,991253395,3
3,1546,3,991410544,3
3,4478,3,991840300,3
3,1780,2,994173061,3
3,3648,4,994802771,3
3,308,3,995837940,3
3,5492,2,996765569,3
3,2796,2,997320829,3
3,3462,2,999308275,3
3,137,5,1000869657,3
3,4312,3,1001627270,3
3,2926,2,1006659039,3
3,5394,3,1006905743,3
3,1088,3,1011259872,3
3,3363,4,1011636184,3
3,3746,1,1015279222,3
3,3475,2,1015737513,3
3,1121,3,1022868284,3
3,752,2,1029310273,3
3,4467,3,1032406442,3
3,2847,1,1038717983,2
3,4305,3,1041431749,2
3,3012,3,1044066870,2
3,3391,3,1046188641,2
4,6036,2,956753920,1
4,6025,3,956813456,4
4,5974,2,956948267,2
4,5960,4,957029150,4
4,5955,3,957110334,3
4,5915,4,957401213,4
4,5881,3,957548559,3
4,5840,3,957831388,3
4,5831,4,957889491,3
4,5795,4,958078852,4
4,5852,2,958102365,3
4,5788,2,958109067,3
4,5780,3,958155280,3
4,5754,3,958272625,3
4,5686,2,958688714,2
4,5670,1,958715222,2
4,5649,3,958869106,2
4,5641,2,958926840,2
4,5575,3,959293394,2
4,5547,3,959478667,2
4,5532,4,959618337,2
4,5483,3,959889123,2
4,5459,4,959911940,2
4,5428,4,960081879,3
4,5405,2,960253451,2
4,5367,2,960508641,2
4,5333,4,960870781,3
4,5812,3,960878638,3
4,5256,2,961298872,2
4,5245,2,961380835,2
4,5239,3,961444938,2
4,5249,3,961605117,2
4,5148,1,962014297,2
4,5111,3,962331273,2
4,5083,3,962465167,2
4,5061,4,962486965,2
4,5035,4,962558433,2
4,4928,3,962663695,2
4,4916,1,962676474,2
4,5100,3,962716368,2
4,4837,2,962896262,2
4,4819,3,962923425,2
4,4823,2,963010162,2
4,4786,4,963010908,2
4,4729,4,963350084,2
4,4725,3,963378925,2
4,4726,3,963993133,2
4,4635,4,964035149,2
4,4611,4,964154362,3
4,4593,2,964238512,2
4,4582,4,964367757,3
4,4483,2,965018429,2
4,4430,2,965103703,2
4,4425,3,965112471,2
4,4352,1,965191854,2
4,4343,2,965227420,2
4,4336,5,965238055,2
4,4227,1,965323696,2
4,4140,2,965351796,2
4,4064,2,965481723,2
4,4048,1,965502382,2
4,3988,5,965708394,2
4,3868,3,965854262,2
4,3829,2,965939947,2
4,3808,3,965966982,2
4,3749,3,966134343,2
4,3743,3,966150607,2
4,4748,4,966169656,2
4,4028,1,966200855,2
4,3713,4,966271058,2
4,3709,2,966275485,2
4,3562,3,966793972,2
4,3547,2,966834377,2
4,3539,4,966881357,2
4,3504,4,966983482,2
4,3618,2,967120136,2
4,3425,1,967366376,2
4,4562,2,967430913,2
4,3519,2,967572773,2
4,3526,1,967618954,2
4,3391,2,967659170,2
4,3246,3,968309599,2
4,3182,1,968781840,2
4,3217,4,968784599,2
4,3111,1,969480755,2
4,3087,3,969788926,2
4,3189,4,969870255,2
4,3072,4,969939442,2
4,3032,5,970349329,2
4,3029,3,970361778,2
4,2934,2,971493262,2
4,2907,2,971820904,2
4,5113,2,971976141,2
4,2891,4,972008930,2
4,5317,3,972357972,2
4,2734,2,973230984,2
4,2628,1,973628476,2
4,2777,2,973729537,2
4,2540,4,974049042,2
4,2507,2,974082616,2
4,2419,1,974303668,2
4,2378,2,974331260,2
4,2222,3,974600605,2
4,2131,2,974648382,2
4,2111,3,974649586,2
4,2085,3,974656172,2
4,2016,4,974677561,2
4,1880,3,974701657,2
4,1666,3,974715901,2
4,1631,3,974724032,2
4,2097,1,974734219,2
4,1587,2,974739926,2
4,1554,3,974741078,2
4,1356,1,974772050,2
4,1980,2,974773751,2
4,1354,3,974774983,2
4,1255,4,974824183,2
4,1184,3,974856769,2
4,1150,2,974875308,2
4,1120,2,974911354,2
4,1107,3,974921428,2
4,1100,3,974926827,2
4,1605,3,974930127,2
4,1168,2,974934137,2
4,1068,4,974949342,2
4,1059,2,974967176,2
4,1173,3,975002296,2
4,987,4,975100580,2
4,1340,2,975131739,2
4,881,2,975264028,2
4,1962,3,975363534,2
4,673,1,975620320,2
4,1125,3,975629477,2
4,628,3,975781406,2
4,601,4,975881747,2
4,1448,5,976126247,2
4,543,3,976215241,2
4,476,5,976223366,2
4,474,1,976240836,2
4,1516,3,976293307,2
4,346,3,976335983,2
4,323,2,976408079,2
4,855,3,976417384,2
4,4169,3,976589338,2
4,3312,3,976672842,2
4,216,3,976863901,2
4,225,2,976914356,2
4,203,1,976929537,2
4,199,1,976988106,2
4,187,4,977078862,2
4,155,1,977256575,2
4,329,3,977871460,2
4,26,3,978145310,2
4,8,3,978232203,2
4,531,2,978646332,2
4,528,4,980039670,2
4,1969,5,984448000,2
4,4085,2,986186835,2
4,338,3,988166868,2
4,678,3,989504395,2
4,1203,3,998232470,2
4,4042,3,1005532367,2
4,1579,3,1014184854,2
4,5539,3,1021774941,2
4,1958,3,1027963970,2
4,752,3,1029312194,2
4,4647,2,1033878383,2
4,2015,1,1035827549,2
4,1194,3,1036311670,2
5,6000,3,956884722,1
5,5964,3,956998194,3
5,5896,3,957459359,3
5,5853,1,957747194,1
5,5847,3,957792263,2
5,5888,2,957795334,1
5,5795,3,958077064,2
5,5788,2,958110171,2
5,5837,4,958145057,2
5,5779,3,958161374,2
5,5754,1,958272866,2
5,5728,3,958471711,2
5,5713,4,958512198,2
5,5711,4,958513754,3
5,5676,1,958677257,2
5,5663,4,958768882,3
5,5659,3,958788291,3
5,5641,4,958926966,3
5,5714,4,959224062,3
5,5645,4,959229200,3
5,5575,2,959292715,3
5,5683,3,959399560,3
5,5552,1,959458613,3
5,5555,3,959635916,3
5,5523,4,959646376,3
5,5569,4,959649412,3
5,5514,5,959708361,3
5,5511,3,959788828,3
5,5483,2,959889123,3
5,5459,4,959911831,3
5,5426,3,960102337,3
5,5423,3,960148508,3
5,5383,3,960355478,3
5,5379,4,960398842,3
5,5365,3,960503928,3
5,5347,2,960667675,3
5,5346,3,960669769,3
5,5342,5,960684844,3
5,5333,3,960831505,3
5,5302,4,960956105,3
5,5282,1,961096251,3
5,5262,3,961194366,3
5,5256,3,961299084,3
5,5245,2,961381957,3
5,5236,3,961444420,3
5,5222,2,961532362,3
5,5580,3,961602409,3
5,5183,1,961768396,2
5,5182,4,961790022,3
5,5153,2,961969538,2
5,5123,3,962203493,2
5,5812,3,962257989,2
5,5099,4,962368147,3
5,5080,4,962413042,3
5,5083,5,962464975,3
5,5046,1,962506632,3
5,5035,4,962557815,3
5,5026,2,962581277,3
5,5481,3,962591195,3
5,4993,4,962591560,3
5,4952,3,962638270,3
5,4928,3,962657142,3
5,5100,4,962716368,3
5,4872,3,962816865,3
5,4957,2,962909295,3
5,4819,3,962921134,3
5,4788,3,962999919,3
5,4745,4,963247976,3
5,5113,1,963318280,3
5,4725,3,963364934,3
5,4671,3,963794077,3
5,4662,3,963866871,3
5,4675,3,963903232,3
5,4637,4,964033423,3
5,4635,3,964035064,3
5,4593,3,964239885,3
5,5675,3,964458435,3
5,4572,5,964462911,3
5,4568,3,964478586,3
5,4560,2,964633542,3
5,4535,3,964721182,3
5,4524,4,964813999,3
5,4486,1,965013031,3
5,4470,4,965067848,3
5,4437,3,965099427,3
5,4430,1,965105996,3
5,4425,3,965111659,3
5,4422,3,965182004,3
5,4360,3,965190464,3
5,4285,4,965282157,3
5,4268,2,965306744,3
5,4247,3,965308594,3
5,4227,1,965324424,2
5,4318,3,965341062,2
5,4140,3,965351821,2
5,4064,3,965482079,2
5,4055,2,965492906,2
5,4048,4,965503130,2
5,4036,3,965508841,2
5,4054,3,965512030,2
5,4032,3,965512413,2
5,4352,2,965534496,2
5,4001,3,965573067,2
5,3947,1,965688040,2
5,3988,4,965708972,2
5,3927,4,965711212,2
5,4041,3,965714200,2
5,3935,3,965861660,2
5,3900,4,965877021,2
5,3808,2,965967340,2
5,3796,2,966015671,2
5,3778,2,966038376,2
5,3768,3,966067145,2
5,3766,4,966081597,2
5,3745,3,966142128,2
5,4028,1,966200158,2
5,3724,3,966222916,2
5,3727,3,966223284,2
5,3716,1,966266917,2
5,3687,4,966319284,2
5,3675,3,966369295,2
5,3669,2,966380633,2
5,3834,4,966404541,2
5,3650,4,966460774,2
5,3608,3,966613343,2
5,3600,4,966620406,2
5,3590,1,966656028,2
5,3539,4,966931329,2
5,3491,3,967070739,2
5,3382,3,967570483,2
5,3519,2,967573098,2
5,3884,2,967597601,2
5,3365,4,967665863,2
5,3292,4,968096711,2
5,3320,4,968525213,2
5,3201,4,968625962,2
5,3182,2,968780933,2
5,3143,3,968989774,2
5,3111,2,969481429,2
5,3227,3,969646131,2
5,3189,2,969869484,2
5,3044,5,970214225,2
5,3034,4,970285441,2
5,3971,4,970349532,2
5,3026,2,970463730,2
5,3012,1,970512732,2
5,2934,4,971495258,2
5,2907,3,971845064,2
5,2887,3,972156757,2
5,2996,3,972767508,2
5,2810,5,972770859,3
5,2782,3,973019341,3
5,2777,4,973124535,3
5,2743,5,973223129,3
5,2878,3,973231599,3
5,3471,3,973298824,3
5,2681,3,973392304,3
5,2541,4,974047430,3
5,2540,3,974049118,3
5,2537,2,974052613,3
5,2533,4,974055757,3
5,2529,3,974061813,3
5,2453,4,974188683,3
5,2419,4,974244795,3
5,2378,4,974331150,3
5,2334,4,974429198,3
5,2665,1,974471038,3
5,2264,3,974580501,3
5,2222,4,974600179,3
5,2237,3,974601290,3
5,2235,4,974614621,3
5,2136,4,974644066,3
5,2116,4,974650917,3
5,2085,5,974656024,3
5,2012,2,974680427,3
5,1957,3,974687483,3
5,1893,2,974691746,3
5,1924,4,974691814,3
5,1880,3,974700429,3
5,1778,3,974704120,3
5,1687,4,974710999,3
5,1666,4,974715498,3
5,1709,5,974715966,3
5,1631,4,974723847,3
5,1920,2,974729366,3
5,1841,3,974748216,3
5,1468,2,974753302,3
5,1600,3,974756222,3
5,1383,3,974765989,3
5,1404,1,974766671,3
5,1377,3,974772800,3
5,1980,2,974774109,3
5,1345,3,974776363,3
5,1676,3,974800181,3
5,1599,4,974824516,3
5,3610,3,974825735,3
5,1680,3,974837992,3
5,1184,4,974856228,3
5,1141,2,974877380,3
5,1125,3,974924532,3
5,1220,3,974927261,3
5,1094,3,974928507,3
5,1096,2,974934211,3
5,1068,4,974947634,3
5,1941,3,974951445,3
5,1051,5,974960487,3
5,1050,4,974964403,3
5,1556,2,974996421,3
5,1173,3,975001747,3
5,1016,3,975010895,3
5,1004,1,975051954,3
5,1054,4,975102770,3
5,969,1,975112455,3
5,934,4,975184761,3
5,1343,5,975195551,3
5,963,2,975207498,3
5,1010,1,975222108,3
5,2223,3,975262968,3
5,2446,3,975350299,3
5,854,2,975352464,3
5,1501,4,975353013,3
5,1962,3,975363210,3
5,800,3,975404261,3
5,1019,2,975424927,3
5,781,2,975435573,3
5,777,2,975438923,3
5,2106,1,975440795,3
5,757,3,975455424,3
5,822,4,975470906,3
5,735,3,975478180,3
5,719,1,975527718,3
5,731,3,975530491,3
5,765,4,975613098,3
5,676,3,975650050,3
5,660,2,975691362,3
5,1117,3,975693934,3
5,566,2,976041797,2
5,1737,3,976063225,2
5,524,2,976171560,2
5,494,5,976215753,3
5,482,3,976222780,3
5,476,4,976223095,3
5,461,2,976229235,3
5,481,4,976247659,3
5,1516,1,976293278,2
5,402,2,976296552,2
5,3792,5,976298107,3
5,1449,1,976314978,2
5,352,3,976333448,2
5,325,5,976402922,3
5,319,3,976422557,3
5,721,3,976462994,3
5,302,2,976506551,2
5,284,1,976574994,2
5,301,3,976584572,2
5,4169,2,976589804,2
5,261,2,976672313,2
5,264,2,976729881,2
5,1329,4,976832773,2
5,202,3,976940578,2
5,155,2,977256084,2
5,169,4,977291707,2
5,1425,4,977591232,2
5,48,3,978013996,2
5,26,5,978144881,2
5,1422,2,978622571,2
5,531,3,978646070,2
5,442,3,978732895,2
5,329,3,979766438,2
5,528,3,980041202,2
5,3401,5,980129632,2
5,1447,3,981022497,2
5,1930,3,982436243,2
5,2015,2,982625847,2
5,1969,4,984447735,2
5,4979,2,984546195,2
5,1958,4,985392809,2
5,699,4,986532736,3
5,237,4,992229647,3
5,3125,2,993075853,3
5,3648,4,994802490,3
5,1203,3,998232613,3
5,5312,4,998491893,3
5,869,3,999376793,3
5,343,4,1006191741,3
5,2926,4,1006658914,3
5,4302,4,1011507018,3
5,2188,3,1014499429,3
5,1579,4,1019365017,3
5,5996,4,1020111183,3
5,3992,3,1025363065,3
5,1755,3,1029989475,3
5,1088,2,1032651280,3
5,2847,1,1038717356,3
5,3391,2,1046188297,3
